0 2485
1 744
1 283
1 1201
1 1574
2 613
4 4906
4 427
4 2062
4 4132
4 2352
5 2717
5 4144
5 408
5 3265
6 4587
8 4000
9 3534
9 1837
10 1758
11 3082
11 2846
11 938
11 3940
12 2890
12 793
13 4259
13 2546
15 361
16 4987
17 3198
17 2796
17 1217
18 4659
18 3522
18 3081
20 1261
22 104
22 856
22 1530
23 2271
23 1721
24 2580
25 3282
25 3743
25 2639
25 2680
25 3549
25 1750
26 2549
26 545
27 3149
27 4363
27 1221
28 2073
31 3502
33 2547
34 105
34 3396
35 4344
35 808
35 4347
38 2138
38 398
38 2677
40 4323
41 4691
42 4508
42 3712
42 3210
42 2945
43 746
43 2077
45 873
45 2196
45 2554
45 4802
45 2654
46 3310
47 3235
47 2942
48 2881
48 518
49 529
50 1486
50 932
52 3378
52 3359
52 59
52 3972
53 2460
53 2004
53 4209
54 4435
54 3354
54 4000
55 3241
55 4993
56 1274
56 2761
56 264
57 2061
58 581
58 4734
58 1606
58 2497
59 4771
59 3077
59 3481
60 4734
60 2305
60 1344
60 2581
62 3069
62 1403
62 1817
63 4074
63 4862
64 4543
64 3219
64 1300
65 3558
65 1266
65 2014
66 4240
68 96
68 4029
68 545
68 87
69 1845
71 4722
72 3883
72 939
72 830
72 4200
72 2484
74 1791
74 3526
75 2430
75 1048
75 3485
76 3754
76 66
76 871
78 3969
78 2744
78 1421
78 2609
78 4765
79 916
79 1133
79 1446
79 110
80 802
81 4238
81 4594
82 1860
83 1463
84 3841
85 1136
85 1781
85 3239
86 1956
86 0
86 69
86 3714
87 3473
87 1604
87 1678
88 960
89 3247
89 2532
89 2694
89 2442
90 1407
90 4755
91 4534
91 2246
91 3046
92 1342
92 1648
93 3133
94 4860
94 3982
95 983
95 4686
96 4942
97 505
97 2365
97 3866
98 3188
98 2125
99 2331
99 923
99 1089
100 3757
100 1317
101 2390
101 4299
101 3331
101 956
101 1018
102 2809
103 1124
103 999
104 4282
104 4027
104 3887
105 1121
106 2058
106 4970
107 1770
107 4234
108 1905
108 2349
108 4724
109 1465
111 1937
111 4520
111 1327
112 4524
112 2147
112 3876
113 1557
115 4375
115 2639
115 4307
115 1578
116 913
117 1411
117 3033
117 2545
118 3507
119 2761
120 764
121 2934
121 2744
122 2210
122 2047
123 1371
124 2299
125 1735
125 562
126 2990
127 1366
128 54
128 1697
128 4996
129 2250
130 3930
130 1541
130 1095
130 913
130 4835
131 1765
131 2177
132 2136
132 2894
132 4634
132 59
133 2925
133 1017
133 4240
133 933
133 4110
134 303
135 1657
136 3017
136 2950
136 2725
136 1627
137 4336
138 3190
138 1015
139 4307
139 796
140 3051
140 1920
142 4647
142 1313
142 2278
143 2126
143 3659
146 33
146 3336
147 345
148 4526
149 707
150 2840
152 4154
152 2322
152 4228
152 2204
153 2982
153 4077
153 3394
155 3612
155 3457
155 262
156 1871
156 2396
158 4418
158 1246
158 2567
159 916
159 3133
159 1656
159 4550
160 4716
160 2681
160 2151
161 4410
162 3902
164 2610
164 1387
164 1607
165 120
166 1248
166 515
167 3847
168 1705
168 4302
169 188
169 4088
169 4103
169 1988
170 1321
170 1454
170 3958
172 4819
172 3106
173 1016
174 414
174 3094
174 4099
175 2388
175 71
176 4488
177 1513
177 4074
178 3243
178 528
178 954
178 3596
179 3242
179 1210
179 1150
180 1903
180 519
181 1523
181 4587
182 3554
183 1996
183 1506
183 2436
183 3377
184 4613
185 2810
186 2444
186 4926
186 214
186 3254
186 4574
187 4037
188 4807
188 4243
188 4570
189 737
189 4365
189 1149
191 2475
191 2325
192 4010
192 132
193 1582
193 2636
194 3761
194 1876
194 4810
195 1908
195 1691
195 2576
196 4854
196 1856
197 4324
197 3672
198 429
198 4614
200 378
200 1142
202 4234
202 1471
202 2675
203 1469
203 3290
203 3255
203 142
204 3953
204 3314
205 4599
207 1848
207 1069
207 236
208 4450
208 392
209 870
210 1695
210 4930
210 3583
210 1153
211 748
211 1079
211 3027
211 2716
214 4369
214 3702
215 3479
215 1256
215 4050
216 3448
217 4597
217 240
218 3398
218 599
219 2471
219 1714
220 3227
220 1816
220 798
221 2124
222 687
222 479
223 1124
223 198
224 3948
224 4902
224 2125
225 4896
226 944
226 4578
226 4653
228 4423
229 1170
229 2321
229 1733
230 4837
231 4147
232 665
232 3740
233 1343
233 3854
235 4049
235 2377
236 4987
236 664
236 3482
237 3185
237 1477
237 1423
237 1836
238 1438
238 3973
238 2116
239 743
240 2744
241 3135
241 2683
241 1425
241 4054
242 4390
242 1277
243 815
243 1631
244 767
244 2786
245 4544
245 264
245 4499
247 1203
248 4079
248 3903
248 685
249 3856
249 886
250 2734
250 3620
252 1806
252 3882
253 3646
253 2001
254 2423
255 1169
255 4766
255 409
256 4436
257 960
258 4690
258 3525
259 2705
259 2224
260 1047
261 521
261 3657
262 2584
262 4658
262 4942
262 3222
263 3876
264 2938
264 3347
265 4956
266 4116
266 2597
267 2429
267 1284
267 2374
267 127
267 1229
267 1093
267 2665
268 3035
269 1448
269 3264
270 3739
271 2808
271 94
272 1151
273 4747
273 2415
273 3091
274 1631
274 310
275 4911
276 2231
276 4274
277 2244
277 2640
277 4957
278 194
280 1182
280 3154
281 4906
282 4360
285 1034
285 597
286 693
286 983
287 2923
288 4617
288 2898
289 4776
289 2833
289 795
290 3793
291 4068
291 4880
292 4712
292 1147
292 3841
293 762
293 1925
293 3615
294 2214
294 1710
295 2946
295 164
298 3710
299 4352
300 3725
300 4518
300 1540
301 2945
301 650
302 2403
302 1159
303 3993
303 4370
304 2493
304 4074
305 3266
306 75
306 1410
306 4720
306 2175
308 704
308 364
309 2758
309 4372
309 3771
309 3198
309 87
309 2710
310 1950
310 4830
311 3179
312 4359
313 888
313 250
314 2243
314 3550
314 75
315 4265
315 1509
316 2246
317 3425
317 4403
317 1879
318 1122
319 3474
319 501
319 4774
320 1055
320 1213
321 4568
322 1110
322 4191
322 3726
322 351
323 596
323 2380
323 4567
324 4266
324 2977
325 671
325 2026
325 4422
326 2629
326 2845
327 4641
328 3855
328 1919
329 254
329 1435
329 371
329 4282
329 1095
330 1761
331 4205
331 3927
331 1654
332 3510
332 241
333 576
333 1092
333 2555
336 797
336 4805
336 4747
336 4125
337 3811
340 2935
341 852
341 1540
342 2525
342 8
342 793
342 3679
342 990
342 4478
343 4155
343 4533
343 1725
344 4760
344 4928
344 1149
345 4062
346 2888
346 3950
346 549
346 2093
347 345
347 3347
348 1882
348 1608
348 3843
349 3776
349 3468
349 467
349 2890
349 4459
350 2813
351 2625
352 907
353 1047
354 855
354 542
355 4952
356 3169
356 1839
357 2606
357 3365
358 1063
358 1047
358 1082
359 1399
359 551
359 1679
360 100
360 4868
360 3405
360 516
360 2481
360 3503
361 29
361 3899
361 4908
362 3295
363 3572
364 842
364 2877
365 3786
365 2382
366 942
366 3420
366 1942
367 1912
368 241
369 1050
370 682
370 3125
370 4954
372 446
372 1806
372 4724
373 4858
373 4370
374 4608
374 2442
374 2666
374 393
375 1344
375 3629
375 2753
376 2657
376 518
376 3195
377 1736
378 4811
378 4255
379 4254
380 326
381 609
381 591
383 2248
383 3430
384 2276
385 148
386 2481
387 1215
390 4513
390 1318
391 1953
391 4283
391 623
391 1153
391 2357
393 2492
393 1621
393 1872
394 3161
395 948
395 4968
396 376
396 1236
397 4532
397 3807
398 2004
399 2374
400 1514
400 257
400 2065
400 22
402 3001
402 3133
402 2265
402 1381
402 202
403 1555
406 3218
406 4382
408 2039
409 2517
410 4785
410 4909
410 2051
411 2131
412 3017
413 3218
413 3586
414 4428
414 2304
414 1376
414 2952
414 3661
416 756
417 3115
417 3503
417 4223
418 2612
419 4068
420 4780
420 3437
420 2010
420 17
421 2356
421 4973
422 909
424 3246
424 1659
426 2866
426 1784
426 1505
426 2726
426 2802
426 1956
426 1121
426 3520
427 2415
427 1122
427 4690
428 2741
428 2499
429 1038
429 4402
429 4900
429 961
429 3553
429 2674
430 1274
430 1372
430 1466
430 2127
432 2814
432 558
432 2715
432 4243
433 2935
433 1937
434 463
434 3808
435 4000
435 3770
435 2871
436 3247
436 2294
436 3107
439 1242
439 2941
439 4780
440 215
440 705
440 740
442 1235
442 2983
442 2839
443 2496
443 2490
444 1826
444 1458
444 4489
445 4496
445 3712
446 2955
446 519
446 2481
446 336
447 95
447 1963
447 1883
447 3457
447 3043
447 2198
448 62
448 3340
449 1297
450 2533
451 4321
452 742
453 687
453 215
453 3348
454 579
456 3206
457 4581
457 4452
457 1080
457 3104
458 1876
458 1362
458 2739
458 4268
459 2403
459 77
459 2183
459 2957
459 3632
459 2807
460 2883
460 4221
460 1136
462 1147
462 2000
462 4568
464 4472
464 1038
464 861
465 4160
465 4915
465 627
466 3020
468 2916
468 4687
469 614
469 1944
469 85
471 2847
471 2179
472 4577
472 2043
473 4258
475 38
479 4744
479 1197
480 1305
480 3935
481 4814
482 1875
482 4042
483 3880
484 732
485 3842
485 830
485 3361
486 4670
488 2298
488 3537
489 2286
489 2399
489 2894
490 80
490 202
491 489
491 263
491 4179
492 2326
492 3950
493 4994
493 565
493 1740
495 3260
495 1045
496 2607
496 1596
497 2956
497 4327
498 3923
498 1701
499 4560
499 718
500 2179
502 4176
503 3876
503 532
503 488
503 3629
505 210
506 3690
506 4833
507 2110
507 2051
508 2417
509 3480
509 4298
510 1131
510 3563
510 1930
510 2574
511 3024
511 2961
512 451
514 908
514 4046
515 2061
516 3749
516 4428
516 1660
517 989
517 145
518 1369
518 4415
518 1303
518 3745
519 403
519 1329
521 1085
522 4433
522 2357
522 2903
523 871
524 2769
524 3270
524 3608
525 3274
526 3398
526 3681
528 497
529 2811
529 1403
529 504
530 2979
530 253
530 2804
531 4505
531 2370
531 3038
532 1043
532 1261
533 3256
533 1627
535 3893
535 2261
535 702
535 4225
536 1726
537 3539
538 1033
538 2533
538 834
539 2700
539 4359
540 688
541 1450
541 4838
542 1728
542 1223
542 3158
542 1338
542 3073
543 2882
543 920
547 2158
548 4593
548 533
548 1857
548 2163
549 747
549 2076
550 1933
550 2459
550 0
551 826
551 2053
551 4640
551 927
552 257
552 1980
553 2824
553 3134
554 3500
554 3955
555 4565
555 2521
555 2887
555 954
556 1926
556 1237
556 97
556 1146
556 328
556 4611
557 2571
557 3913
558 3962
558 3480
559 3841
559 811
560 1923
560 4345
560 2797
561 4874
563 1882
563 772
564 4144
564 1451
566 3351
567 2243
567 1706
568 4028
568 1175
568 3849
568 1365
568 1412
569 375
569 3161
569 4034
570 4900
570 3896
570 694
571 1585
572 3422
573 2704
575 2272
576 4680
576 3416
576 2796
577 4710
577 937
578 2206
578 4477
579 3152
579 3409
580 107
580 1927
581 2474
581 521
583 1912
583 2550
584 4990
584 488
584 3493
585 3458
586 2181
587 128
587 2841
587 2330
590 1259
590 3493
590 2068
594 2930
595 4674
595 1936
596 3730
597 490
597 136
597 1827
597 3617
597 1667
598 371
598 780
598 1609
598 1488
599 2381
599 2632
600 4404
601 2314
602 3164
602 672
604 1026
604 2931
604 3906
604 2907
605 3618
605 3678
605 1756
606 4726
606 2578
606 3753
606 2658
607 2800
608 397
608 4466
609 4504
609 2679
609 4349
610 1531
612 4377
613 4477
613 1279
614 1248
614 2160
614 3545
614 665
615 3006
615 4051
615 114
616 1221
617 3630
617 1451
617 4389
618 4630
620 3714
622 4542
622 1627
624 1274
624 845
624 2549
625 954
626 617
626 369
626 861
626 605
626 2675
627 1233
628 1966
628 755
629 4209
629 2016
629 625
629 1631
629 687
631 4064
631 102
631 551
632 2423
632 1884
633 4048
633 1839
634 2340
634 4152
635 4412
635 91
635 2212
636 154
637 4738
638 1087
638 4682
638 4703
638 520
639 4621
639 4417
639 3025
640 4287
640 2264
640 3491
641 3566
642 4102
642 4035
643 4939
644 3242
645 4522
645 701
645 3760
645 764
645 1896
646 2893
647 3056
647 2007
647 1822
648 1327
648 3803
649 155
649 4302
650 490
650 458
650 3169
651 1440
652 3627
653 1907
655 3834
655 1163
655 2945
655 1231
656 1522
656 4027
657 2691
657 4417
657 1196
657 2727
658 4247
660 259
661 2638
665 1286
665 2021
667 4773
667 3346
667 860
668 2229
668 3071
669 4124
669 3432
670 3852
670 4684
671 3879
671 2298
671 755
671 3346
673 2687
673 907
674 786
674 69
674 323
675 4395
675 1038
676 3898
676 4492
676 3513
676 2836
676 1559
677 4631
678 2891
679 4134
679 2010
679 3507
680 4575
680 105
680 2905
681 851
681 2459
682 2082
683 1036
684 4410
684 4759
684 1161
685 1926
686 2320
686 1247
687 4099
687 1413
690 4133
690 3193
690 302
691 1188
691 3395
691 1400
692 2341
693 4583
693 1124
693 448
693 3848
694 2324
694 2536
694 1097
694 1290
695 536
696 895
696 976
696 1657
696 4670
696 3030
696 4470
697 2496
697 2453
698 4291
698 2179
699 763
699 3532
700 497
701 1977
701 4288
701 2435
702 2816
702 1774
703 950
703 2564
705 2465
707 4530
707 1520
708 4544
708 4932
712 4837
712 3179
712 2503
713 2730
714 1926
714 2152
715 1535
715 656
715 617
716 600
716 331
717 2412
717 1024
717 850
718 401
718 4701
720 3590
721 2576
721 3577
722 524
722 952
722 2608
722 2664
724 1151
724 4899
724 223
725 4942
726 2750
726 4229
728 3788
728 895
728 2734
729 904
729 771
729 3364
730 582
730 2515
730 2456
731 839
731 1539
731 1820
731 1587
731 949
732 864
732 1697
732 3582
732 4243
733 3619
733 2037
734 2899
734 1263
734 3798
734 134
736 2566
736 4256
737 1819
737 1300
737 774
738 2417
738 4502
738 651
738 2004
738 2330
739 4866
739 460
739 3251
739 1928
739 2730
740 3555
740 1291
740 4101
740 2646
740 3326
741 3250
741 1782
741 1495
743 4204
743 4152
743 1511
744 385
744 4180
745 3033
746 4457
746 2358
746 4679
747 3850
747 2033
747 935
748 2772
748 131
748 1200
748 1556
749 42
749 688
750 31
750 2924
751 4345
751 1818
752 4673
753 2862
753 465
753 4736
753 2855
753 4821
754 4573
754 3439
754 4031
756 3148
756 4528
756 1244
757 4387
757 3510
757 4013
757 2480
758 483
759 3112
760 4191
760 1434
762 2410
762 3300
762 359
762 1820
763 3755
763 764
763 3144
763 3988
764 2952
764 741
765 1924
765 3320
765 2858
765 4510
766 1668
766 187
767 1352
767 4062
768 4405
769 819
770 3021
770 4291
770 3724
772 794
772 1516
773 3281
774 4570
774 4905
774 4856
774 3532
775 500
776 4848
776 4914
776 3308
776 134
777 962
777 84
778 2560
778 375
778 4470
779 8
779 3400
780 1110
780 3545
780 3782
781 4326
781 4594
782 522
782 4333
783 3657
784 3175
785 3367
786 2912
786 1135
786 954
787 3112
788 1667
789 4295
789 626
789 3914
790 1014
790 870
791 4157
791 1564
792 2940
792 3226
792 228
793 414
793 2025
793 1902
793 299
793 2224
794 1267
795 322
795 829
795 1813
795 2703
796 1923
796 438
797 3737
797 3507
797 1072
797 122
797 2380
797 1950
797 3513
798 1816
798 298
798 4457
798 3000
799 3589
799 2365
800 3580
800 3485
800 4000
802 3706
802 1200
802 3462
804 1617
805 4398
806 496
806 823
807 2119
807 4715
807 1103
808 260
808 2621
809 2699
811 4008
811 392
811 1412
812 1702
812 937
813 1263
814 1063
815 3764
815 2584
815 1216
816 4308
816 3095
816 3638
817 1431
818 2211
818 3081
818 4443
818 1437
819 2335
819 1686
819 4823
819 726
820 3385
820 2030
820 865
820 1532
820 122
820 1356
820 2969
822 3606
822 1313
822 4270
822 3306
822 2325
823 1126
823 1146
824 672
825 77
825 3529
827 3113
827 4262
827 2256
828 4158
828 171
828 3128
828 3977
829 2712
829 2096
829 1801
829 1195
830 3313
831 2017
831 2204
833 1382
833 2308
834 2470
834 4607
835 1209
837 1085
837 2311
838 2027
838 60
838 1692
838 1037
838 1584
839 4467
839 3035
840 100
840 655
840 3304
840 4190
840 4493
841 3537
841 100
841 239
842 4701
842 3199
843 1773
843 2458
843 2411
844 4264
844 4115
844 2786
845 2566
846 215
847 2813
848 3173
848 1195
848 2407
848 4197
849 3408
849 647
850 137
851 1684
851 2220
851 312
852 2536
855 637
856 1317
856 2788
856 2939
858 3721
859 4190
859 2170
861 3247
861 2644
862 2381
863 1368
864 3551
864 4723
865 2603
866 999
867 1993
867 86
867 3142
867 4994
867 1095
868 4764
868 548
870 3617
870 4586
871 2444
871 3553
871 1068
871 3129
871 3808
871 3429
871 1121
872 207
872 535
873 1943
873 982
873 449
874 1077
874 2943
875 609
875 3907
876 3770
877 42
877 1161
877 902
878 2
878 1774
879 25
880 3530
880 4493
880 2676
881 4974
882 370
882 2240
882 3677
883 268
883 173
883 4836
883 4056
884 4016
884 1905
885 10
885 161
885 3902
886 2868
887 3704
888 978
888 2509
888 3560
888 3248
889 2693
890 4885
890 4446
891 4417
892 3415
893 703
894 4532
895 2036
895 1346
895 3699
895 4680
895 1349
896 370
898 1252
898 1268
899 2192
900 1562
900 2033
901 4492
901 111
902 2671
902 1839
902 488
902 68
903 4257
903 2700
904 788
904 491
905 361
906 1016
907 1057
907 112
908 2320
908 4311
908 3761
908 4774
909 2772
909 1798
909 1614
910 985
911 1277
912 204
912 730
912 1873
912 533
912 2765
913 2404
913 793
913 1492
914 2926
915 1384
916 4677
916 4107
917 3743
917 4503
917 684
919 505
920 446
920 4356
921 3388
921 1212
921 1755
921 2904
922 705
922 4706
923 2211
923 341
923 3134
924 263
924 2879
924 2574
924 3821
925 1933
925 4804
926 1085
927 4691
927 1472
927 4588
927 3942
928 3944
928 1440
928 1201
928 3696
928 779
928 576
929 212
929 188
930 1228
930 2847
931 520
932 4619
933 2149
933 870
933 1857
934 535
935 2194
935 4072
935 174
935 655
935 1610
936 2280
937 124
937 1602
937 306
938 4398
938 1341
939 813
939 1473
940 4461
940 1777
941 2282
942 2206
942 2158
943 1166
943 435
943 4128
943 4963
944 1871
944 4235
944 1301
944 2136
945 876
945 2885
945 1974
946 2526
948 1443
948 1983
949 3311
949 4944
951 831
952 1682
952 2112
954 2897
954 1478
955 108
955 676
956 3171
957 337
957 2523
957 2666
958 1499
960 2387
961 3572
962 763
963 3567
963 4233
964 3854
964 2315
964 1209
965 2288
965 1672
965 1167
966 4085
967 1682
967 1741
967 3771
968 3812
968 196
969 4381
969 1886
969 4726
970 1183
970 4212
970 1432
971 1462
971 1821
971 584
971 1162
972 4928
973 1054
973 1973
973 3449
973 766
974 2072
974 3715
975 3142
976 3365
976 2337
977 3090
977 2270
978 2718
979 4389
979 3057
980 3242
980 1839
980 3403
982 707
982 3640
982 2038
982 4196
984 2063
985 4356
985 4570
985 4006
985 2553
985 2297
985 3696
986 4245
986 2421
988 4603
989 4718
989 1903
989 3429
990 3027
991 4258
991 4972
991 1696
991 197
993 3020
993 4323
993 1559
994 3739
994 1646
994 3063
994 4789
994 27
995 4010
997 4245
997 2456
999 4007
999 4847
1000 2075
1000 2053
1000 3942
1000 4006
1001 3365
1001 2567
1002 4485
1002 4274
1002 3208
1004 317
1005 3851
1006 4346
1006 2960
1007 3550
1007 1931
1008 4829
1008 173
1009 342
1009 4308
1010 3591
1011 2891
1011 1439
1011 794
1011 4799
1012 3725
1012 3816
1012 2863
1012 3095
1013 4459
1014 250
1014 391
1014 3992
1015 620
1016 3709
1016 3789
1016 437
1017 4244
1017 4379
1017 4553
1018 3839
1019 3014
1019 3152
1019 3084
1020 4353
1020 783
1021 3676
1021 4146
1021 3321
1021 138
1022 3100
1022 3790
1022 1375
1024 1922
1024 2
1025 2480
1025 814
1025 1735
1025 3520
1026 1719
1026 4404
1028 751
1030 3996
1030 819
1031 4625
1032 1184
1033 1274
1033 3717
1033 1223
1034 4021
1034 4114
1034 4257
1034 4130
1034 2615
1034 774
1034 2847
1034 298
1034 1639
1035 4163
1035 1168
1035 279
1036 2247
1036 3611
1036 2305
1037 1387
1038 440
1038 2119
1039 1688
1041 3971
1041 4237
1041 4245
1042 1571
1043 2567
1043 4424
1043 3926
1043 785
1044 2409
1044 507
1044 1489
1044 3295
1045 4375
1047 4089
1047 4892
1049 3027
1050 1921
1050 443
1050 2645
1050 4723
1051 3893
1051 4516
1051 4861
1052 3457
1052 2607
1052 876
1052 2644
1054 1166
1055 753
1055 3198
1055 1826
1055 3494
1055 140
1056 4874
1056 841
1057 3544
1058 3114
1058 4955
1060 3552
1060 2654
1060 2216
1060 2622
1060 1480
1061 797
1062 4609
1062 3000
1063 706
1063 2250
1063 1168
1063 1925
1064 1684
1064 2729
1065 237
1065 3901
1065 1792
1065 4884
1066 643
1067 2713
1067 1736
1068 3406
1069 4637
1069 3986
1070 1939
1070 3957
1070 87
1071 1553
1071 1986
1071 1509
1073 4892
1073 3299
1074 2403
1074 2777
1074 948
1075 4315
1075 142
1076 898
1077 1661
1078 678
1078 2686
1079 761
1079 1626
1080 2472
1080 2510
1080 734
1081 3168
1081 4957
1082 4418
1082 2753
1083 4677
1083 1418
1083 889
1083 3287
1083 1981
1084 4218
1085 2301
1085 329
1086 2400
1086 2416
1086 2573
1087 2045
1087 2543
1088 2720
1088 2678
1089 2848
1089 3155
1090 1170
1090 4341
1091 2648
1091 4700
1091 3200
1092 3806
1092 363
1092 4208
1092 3246
1093 3275
1094 3917
1094 3345
1096 3806
1096 2085
1097 2166
1097 474
1098 786
1099 4130
1099 3814
1100 2166
1100 2716
1100 95
1100 688
1100 1622
1101 4235
1101 2635
1101 257
1102 4086
1102 999
1102 1502
1104 3939
1104 4907
1105 2458
1106 2472
1106 113
1107 3523
1108 3220
1109 2495
1109 2927
1111 606
1111 3410
1111 3104
1112 3944
1112 4378
1113 4061
1114 2809
1115 2457
1115 1460
1115 51
1117 3749
1118 571
1118 1598
1118 910
1118 2679
1118 3337
1120 2281
1121 1632
1121 4803
1121 2710
1122 2617
1123 3135
1123 3431
1123 2822
1124 894
1124 3434
1124 719
1124 3104
1124 3844
1125 1640
1125 4300
1126 1269
1126 1895
1126 1341
1126 3068
1127 313
1127 361
1128 1007
1128 960
1128 4779
1128 946
1129 4708
1129 4449
1129 550
1130 3512
1131 3381
1131 975
1131 4095
1132 4036
1132 4747
1132 3891
1132 1316
1133 1235
1133 2170
1134 4135
1134 2812
1135 3320
1135 1800
1135 4994
1135 532
1136 3842
1136 2681
1137 1939
1137 2202
1138 4757
1138 3620
1139 1259
1140 3935
1140 2416
1141 2414
1141 1673
1142 4513
1143 2020
1143 4810
1143 438
1143 215
1144 4558
1144 1483
1144 1806
1145 371
1145 2029
1145 994
1145 4481
1145 3827
1145 2473
1146 4477
1146 208
1146 4412
1146 292
1147 2280
1148 3456
1148 3856
1148 3848
1149 1532
1149 3655
1149 1177
1149 2891
1150 1015
1150 3288
1151 1933
1151 2761
1152 2039
1153 1848
1153 1319
1155 786
1157 150
1157 3302
1157 3852
1158 2865
1158 1926
1158 837
1159 1672
1159 3277
1160 2853
1160 2455
1160 1971
1160 1817
1160 3570
1161 3794
1162 251
1164 4830
1164 1608
1165 134
1166 2292
1166 739
1167 3381
1168 3651
1168 2535
1168 1727
1169 4773
1169 2203
1170 2169
1170 3581
1171 279
1172 2219
1172 4260
1172 3092
1172 2980
1173 4639
1173 4270
1173 2591
1173 804
1174 3234
1174 1350
1174 4482
1175 850
1176 2560
1176 1702
1177 2113
1177 189
1177 685
1178 4986
1178 4428
1178 4440
1178 1937
1179 3987
1179 348
1180 3358
1180 4604
1180 2425
1180 4092
1181 1630
1181 875
1181 4420
1182 4143
1182 2349
1182 591
1183 633
1184 1465
1184 2652
1185 1064
1187 2973
1189 4627
1189 4746
1189 4384
1189 3258
1190 3863
1190 265
1190 101
1192 241
1192 2272
1192 1207
1192 327
1192 829
1193 1558
1194 3608
1194 2802
1195 1693
1196 1040
1197 3960
1198 2638
1199 2096
1200 2623
1200 4976
1202 4991
1203 3309
1203 406
1204 1009
1206 3776
1206 3327
1207 3583
1207 985
1207 2083
1207 4927
1207 2894
1207 2460
1208 4882
1208 4091
1208 2184
1208 1641
1209 3659
1209 4051
1210 1984
1210 1969
1210 3199
1210 2723
1210 3623
1211 3054
1211 2140
1211 3361
1211 4918
1211 602
1212 4065
1212 4785
1212 4274
1212 4546
1213 4855
1214 4641
1214 451
1215 3924
1215 4718
1215 4786
1217 283
1217 4573
1217 2996
1217 1046
1217 3309
1218 1271
1219 1974
1219 7
1220 4966
1220 4746
1220 2401
1220 1971
1221 737
1222 4610
1222 2456
1222 3710
1222 3886
1222 729
1222 230
1222 4728
1223 3272
1224 4495
1225 3874
1225 2310
1226 1494
1226 2894
1226 893
1226 52
1227 2219
1228 3319
1228 4707
1229 1328
1229 4843
1229 2279
1229 4426
1229 4885
1230 2470
1231 2730
1231 3149
1231 596
1232 1673
1232 2459
1232 3757
1232 4831
1232 2120
1232 3795
1233 299
1233 1744
1234 120
1234 2334
1236 3602
1236 4706
1237 1458
1237 4857
1238 792
1238 4222
1239 4552
1240 3382
1240 1487
1241 4338
1241 3793
1241 837
1242 188
1242 530
1243 782
1243 3784
1243 1686
1243 946
1244 1539
1245 1337
1246 2706
1246 2409
1247 4392
1248 4633
1250 3885
1250 1163
1250 1127
1251 1752
1251 3493
1251 2480
1251 4528
1251 2796
1252 4594
1253 3567
1253 2491
1253 227
1253 4946
1253 2299
1254 3727
1254 1449
1254 2390
1255 964
1255 1765
1255 807
1256 3685
1256 3095
1259 2642
1259 3364
1259 3400
1261 4082
1262 987
1262 4549
1263 1402
1264 612
1265 3398
1265 1997
1265 1053
1267 3490
1267 772
1267 1553
1267 4679
1268 1555
1268 327
1268 536
1269 3042
1269 2242
1269 4490
1270 704
1272 4394
1272 3773
1273 1763
1273 865
1275 2486
1275 4406
1275 1542
1277 702
1277 1160
1277 2513
1278 35
1279 4773
1280 4370
1280 4150
1280 4962
1281 546
1282 21
1283 4153
1283 3148
1284 1392
1285 4141
1285 2319
1285 1455
1285 4864
1286 438
1288 2089
1288 1977
1289 407
1289 711
1289 4868
1290 3578
1290 2241
1291 4095
1292 128
1292 2044
1292 4185
1293 3333
1293 2359
1294 3601
1294 3615
1294 2600
1295 4373
1296 2930
1296 4650
1296 4206
1296 4601
1297 3583
1297 4274
1297 1039
1299 345
1300 2981
1302 2244
1302 537
1302 3951
1303 1898
1304 885
1304 1467
1304 2005
1304 4898
1304 706
1306 3432
1307 3462
1308 2682
1308 353
1309 3102
1309 3992
1309 2912
1310 3458
1310 191
1310 4684
1311 2711
1311 1670
1312 3595
1312 2674
1312 1529
1313 2234
1313 322
1313 564
1313 1630
1313 3017
1313 4276
1315 2100
1316 3187
1317 4385
1318 614
1318 2347
1318 4784
1318 1507
1319 1103
1320 3366
1320 1948
1320 719
1320 1594
1322 4375
1322 558
1322 3062
1322 3750
1322 755
1325 821
1325 1145
1326 606
1327 1635
1327 1697
1327 707
1327 4964
1327 454
1329 1481
1329 476
1330 245
1330 3233
1331 3219
1331 4371
1332 4446
1333 4436
1333 3824
1333 326
1334 4687
1334 4764
1334 3182
1334 1717
1334 4804
1335 839
1336 2518
1336 1464
1337 3192
1337 433
1337 3475
1338 491
1338 3
1339 3826
1342 3057
1342 2960
1343 1012
1344 4026
1344 1618
1345 2516
1345 4295
1345 3919
1345 832
1346 3682
1347 2105
1347 2687
1347 2697
1347 1626
1347 1140
1348 3104
1348 1326
1348 2263
1349 1857
1350 3304
1350 2070
1350 2753
1350 384
1351 3593
1352 3828
1352 3529
1353 4027
1353 2537
1354 613
1355 3586
1356 3585
1356 203
1356 971
1356 1421
1356 4042
1356 2951
1358 4211
1358 3496
1359 2519
1359 1140
1359 1159
1359 90
1360 1248
1360 653
1360 4922
1360 2275
1361 1616
1362 362
1362 3391
1362 4907
1363 3460
1364 2663
1365 3636
1365 2453
1366 1477
1367 3012
1367 4908
1367 598
1368 534
1368 396
1368 52
1369 1735
1369 4454
1370 276
1370 1200
1371 4407
1371 4
1371 4166
1371 816
1371 4807
1372 2763
1372 289
1372 1557
1373 4714
1374 3856
1375 1368
1377 625
1377 3746
1377 2008
1377 21
1378 4167
1378 461
1379 4028
1379 3991
1379 3309
1380 4288
1380 2644
1380 14
1380 1795
1381 39
1382 407
1384 1008
1386 482
1386 1701
1390 2421
1390 1295
1391 2635
1392 3201
1393 3075
1394 721
1394 2581
1394 4725
1395 1529
1396 2692
1396 4520
1396 300
1396 163
1397 1797
1397 234
1397 147
1397 1445
1397 1291
1398 4841
1398 2605
1398 79
1398 4190
1399 2390
1399 2312
1401 4375
1401 1834
1401 4926
1402 825
1403 677
1403 4316
1404 854
1404 2063
1405 865
1406 2129
1406 3908
1407 4400
1407 1293
1407 3139
1407 3306
1409 2468
1409 4094
1409 1285
1411 805
1411 2239
1412 2016
1413 320
1413 3075
1413 1271
1415 3858
1416 3999
1416 4451
1418 3765
1419 1634
1419 4619
1420 2748
1421 2999
1422 1051
1422 122
1422 4854
1423 1442
1423 4209
1423 3302
1424 254
1424 3085
1424 1768
1425 4662
1425 3146
1426 2961
1426 1793
1427 2173
1427 4603
1427 2640
1428 3182
1429 900
1429 4521
1429 2331
1429 308
1429 1240
1430 4248
1430 117
1431 3745
1431 4124
1432 4553
1433 3335
1433 919
1433 2173
1434 646
1434 3423
1434 1753
1434 3400
1435 4049
1435 4577
1435 688
1435 3868
1435 2373
1436 2140
1436 1257
1436 2604
1436 3964
1437 3321
1437 535
1438 1644
1438 978
1439 4969
1439 2107
1439 2367
1440 4243
1440 297
1440 1294
1441 345
1441 2361
1441 2806
1442 4274
1442 2144
1442 822
1445 4963
1446 2692
1447 4167
1448 2567
1448 3779
1448 2301
1450 3377
1450 3194
1450 3058
1450 3491
1451 4739
1451 69
1451 2409
1451 4465
1452 4625
1452 3740
1453 3898
1453 3730
1453 329
1453 3525
1453 4484
1455 3262
1455 14
1455 3229
1456 4127
1457 3609
1457 1774
1457 3260
1458 1966
1458 207
1460 1321
1460 4167
1461 1173
1462 3903
1463 4158
1463 256
1463 1303
1464 3032
1464 3635
1464 2402
1464 4374
1465 4574
1465 3716
1465 3473
1465 1251
1465 384
1466 289
1466 4883
1466 2636
1466 1927
1467 3134
1467 3774
1468 876
1468 1231
1469 2476
1469 2576
1469 1828
1469 730
1469 4029
1469 1484
1469 1604
1470 1339
1472 3722
1472 155
1472 2447
1472 2113
1472 4415
1473 213
1473 4992
1473 3719
1473 3487
1473 1547
1474 1109
1474 43
1475 1392
1476 1754
1476 887
1477 662
1477 3628
1478 4468
1478 3399
1478 3423
1478 1834
1479 3411
1479 760
1479 479
1480 963
1480 4907
1480 197
1480 2867
1481 4320
1481 2906
1483 3145
1483 3702
1484 3110
1484 1545
1484 2334
1485 4647
1485 3483
1486 4795
1486 3763
1487 1574
1487 826
1488 334
1488 2858
1488 2399
1489 4184
1489 4384
1489 129
1491 4934
1492 3219
1492 4394
1492 117
1493 1104
1494 1119
1495 3256
1496 2093
1496 1571
1496 2007
1496 4721
1498 932
1498 4187
1499 2749
1499 785
1499 4071
1500 293
1502 2706
1502 4398
1502 3573
1503 2281
1503 3623
1504 4581
1506 189
1506 1777
1507 3174
1507 29
1507 440
1507 1924
1508 2601
1509 2075
1509 55
1510 420
1510 4753
1511 1680
1511 684
1512 1934
1513 1151
1513 214
1513 908
1513 2879
1513 762
1513 1030
1513 3231
1514 2066
1514 1709
1515 3034
1515 1442
1515 1827
1516 1569
1516 640
1516 4661
1519 4768
1520 751
1521 4799
1521 3986
1521 2267
1521 584
1523 3127
1523 1991
1523 2930
1524 4088
1524 239
1525 115
1525 3135
1525 1945
1526 2371
1526 3540
1526 3556
1527 1629
1527 3892
1528 4453
1528 4725
1528 1963
1528 4076
1528 3303
1529 1630
1531 1289
1531 2407
1533 2252
1533 1729
1534 2721
1536 4247
1536 989
1537 4519
1537 1632
1537 4328
1538 2626
1538 3512
1539 3994
1539 562
1539 362
1540 560
1540 30
1540 1988
1541 4813
1541 4550
1541 951
1541 1532
1542 2633
1542 3750
1542 3889
1542 2234
1542 3311
1543 1228
1543 4576
1543 1419
1544 3372
1544 4081
1545 1956
1545 3209
1546 3464
1547 1217
1547 4666
1547 1214
1547 2087
1548 44
1548 515
1548 1723
1549 4386
1551 3898
1551 3897
1552 2333
1552 3999
1554 1000
1554 4642
1554 4766
1555 1305
1556 961
1556 3985
1556 2961
1557 2086
1557 4087
1557 1699
1558 2786
1558 3256
1558 1868
1559 887
1559 515
1560 422
1560 2180
1560 1580
1561 4948
1562 3466
1563 916
1563 598
1564 3133
1564 1723
1565 2343
1565 4725
1565 3021
1566 2855
1566 2072
1568 737
1569 1558
1569 2308
1569 4676
1570 4362
1570 3425
1570 190
1572 1855
1572 4312
1572 962
1572 226
1572 3245
1573 4205
1573 2187
1574 517
1574 1197
1575 704
1576 4438
1576 884
1576 426
1576 3534
1577 2584
1577 3061
1578 1033
1578 3048
1578 3899
1579 922
1579 1644
1579 4965
1579 464
1580 4108
1580 453
1581 207
1582 4310
1582 2262
1583 1853
1583 2743
1583 2368
1584 2036
1584 1534
1585 2409
1585 12
1585 890
1586 923
1586 2810
1587 1501
1587 4634
1587 4386
1588 2862
1588 3097
1589 3013
1589 2707
1590 2426
1590 2937
1590 2511
1591 938
1591 3574
1591 4961
1591 4310
1592 3145
1592 4017
1592 4797
1592 3249
1592 2751
1592 1041
1592 1434
1593 3725
1593 3427
1594 2969
1594 2741
1596 4259
1596 2576
1597 4712
1599 1625
1600 4477
1600 4936
1601 4164
1602 74
1602 2173
1603 184
1603 2068
1603 2679
1603 297
1605 176
1606 1194
1606 4046
1607 2702
1607 4376
1607 1030
1608 40
1609 2156
1609 3654
1611 3539
1611 3563
1613 2920
1614 3748
1614 406
1616 1421
1616 3682
1616 2470
1616 4057
1618 694
1618 4218
1619 3632
1619 2156
1620 3482
1620 2327
1620 1234
1620 4968
1621 2302
1621 4035
1623 3281
1624 622
1624 2144
1625 906
1625 3882
1625 1286
1627 2952
1627 4140
1627 1975
1628 4464
1628 3915
1629 1252
1629 4725
1630 2774
1630 2121
1631 1207
1631 2244
1631 2176
1631 343
1631 4272
1632 1450
1633 2353
1633 4307
1633 3056
1633 1779
1634 3770
1634 343
1634 3289
1634 2048
1634 664
1634 3292
1635 794
1635 1923
1635 3062
1635 744
1635 3851
1636 4851
1636 4646
1636 2643
1637 2187
1637 4010
1638 3076
1638 4602
1638 1541
1639 1004
1639 3394
1639 2503
1639 4830
1640 4241
1640 4873
1640 116
1641 1648
1641 4972
1642 1577
1643 4999
1643 1856
1643 462
1644 2222
1644 939
1645 2257
1646 483
1646 2314
1647 2553
1648 1327
1650 1068
1651 358
1651 4977
1652 2932
1652 4244
1652 4071
1652 60
1652 265
1652 2481
1652 1729
1653 3597
1654 1211
1654 1305
1654 1242
1655 876
1655 758
1656 4691
1656 2168
1657 1131
1659 634
1659 2978
1659 2824
1660 1115
1660 816
1660 3718
1661 2045
1661 1675
1662 3703
1662 4116
1663 3629
1663 1446
1663 3278
1664 3036
1664 2308
1664 4437
1664 2623
1665 140
1665 3576
1666 1166
1667 2187
1667 3378
1667 2847
1667 1123
1669 4476
1670 3361
1670 4764
1671 4433
1671 3487
1673 2573
1673 848
1674 2469
1674 3041
1675 987
1675 3337
1676 1514
1676 985
1676 3795
1676 1770
1677 1133
1678 2233
1679 4229
1680 4340
1680 299
1680 4026
1681 562
1681 3279
1683 4241
1683 1556
1683 76
1683 3055
1684 2593
1684 3117
1684 1639
1685 1401
1686 3996
1686 639
1686 4054
1686 2015
1686 3246
1687 952
1688 2527
1691 1837
1692 1695
1693 4242
1693 1877
1693 1135
1694 3441
1694 3737
1694 4523
1694 601
1695 4731
1696 663
1696 4437
1696 1785
1697 1798
1697 1289
1697 218
1698 3396
1698 4145
1699 961
1700 3702
1700 4338
1701 3937
1706 4730
1707 4392
1708 1459
1708 2096
1709 4025
1709 4837
1710 4971
1711 2908
1712 476
1712 765
1712 1619
1713 4607
1713 570
1714 666
1714 4439
1715 1381
1715 4561
1715 4575
1715 2672
1716 2187
1716 3260
1717 2380
1718 1846
1718 1786
1719 2628
1719 811
1720 2816
1720 4786
1720 4673
1721 3521
1721 2166
1722 2499
1722 3439
1722 409
1723 4861
1724 3433
1725 1367
1725 3766
1725 1843
1725 4
1726 4839
1726 3108
1726 2857
1726 1005
1726 2115
1727 4732
1727 4135
1727 4222
1728 2167
1729 4278
1730 1124
1730 179
1730 1420
1730 2473
1731 4643
1731 398
1731 906
1732 1230
1732 187
1733 3724
1733 1396
1734 3380
1734 4285
1734 599
1735 4417
1735 4052
1735 4891
1737 4891
1737 1233
1738 4319
1739 4769
1741 4089
1741 1520
1741 3901
1742 1267
1742 3758
1745 1240
1746 4144
1746 3475
1747 3892
1748 3906
1748 2622
1748 443
1749 3218
1749 1545
1750 4187
1751 867
1751 3812
1751 4585
1752 1655
1752 3072
1753 4130
1753 2354
1753 2125
1753 3320
1753 3374
1753 303
1754 26
1755 4417
1755 1813
1755 4212
1755 4859
1755 3827
1756 4164
1756 3436
1757 808
1759 1685
1759 3654
1759 1508
1761 4120
1761 1624
1762 3081
1762 4778
1762 3044
1762 3703
1763 1099
1765 2083
1766 3639
1766 1499
1766 4529
1766 3678
1766 4969
1767 326
1768 4255
1769 4847
1769 4644
1770 4992
1770 3621
1771 2989
1771 3972
1772 3966
1772 3410
1772 1482
1773 224
1774 3363
1774 122
1775 1103
1777 1564
1779 3632
1779 710
1779 4042
1779 2910
1780 1645
1780 2318
1781 632
1781 843
1783 3425
1784 3519
1784 1266
1784 4850
1785 4737
1785 1087
1786 2265
1787 3823
1787 3831
1787 3494
1787 3665
1788 2828
1789 2027
1789 4345
1789 3038
1790 3482
1790 4699
1790 2506
1790 3367
1790 1537
1790 2080
1791 1905
1792 163
1792 3994
1792 3456
1792 1323
1793 3213
1793 920
1793 4519
1794 1557
1794 240
1794 1905
1794 3836
1796 1133
1796 4216
1797 2235
1797 4716
1797 2320
1797 30
1799 2656
1801 1506
1801 1117
1803 540
1804 1160
1804 343
1805 1883
1805 3653
1805 2110
1805 2289
1806 3999
1806 791
1806 2292
1807 602
1808 2070
1808 4963
1808 1254
1808 1757
1808 1575
1809 1795
1810 3387
1810 3651
1810 3038
1810 1982
1812 1195
1812 1747
1813 517
1814 355
1814 3572
1814 162
1815 3312
1815 2728
1815 2623
1816 2753
1816 2432
1816 3680
1817 1759
1818 4183
1818 2178
1819 4724
1819 2276
1819 873
1819 3465
1820 1070
1820 1593
1820 2812
1824 28
1825 3724
1825 4787
1825 3680
1827 1886
1828 1143
1830 2785
1831 1267
1831 1793
1831 4132
1832 1387
1832 8
1833 2067
1833 2324
1834 2771
1834 4157
1834 3811
1835 3984
1835 391
1835 2374
1835 4733
1836 562
1836 1270
1836 62
1836 2730
1837 1074
1837 3681
1838 1664
1838 1685
1838 1793
1839 230
1839 2636
1839 219
1839 457
1840 929
1841 1220
1841 148
1841 2533
1842 2438
1843 1432
1844 1693
1844 3309
1845 1507
1847 1332
1847 3012
1847 1242
1847 673
1847 3921
1848 4280
1849 1522
1849 2241
1849 3716
1849 321
1850 2457
1850 4537
1850 752
1850 892
1851 2825
1853 2200
1853 4967
1853 1245
1853 2262
1855 3314
1855 2674
1856 2518
1857 4934
1857 3966
1858 1719
1860 3747
1860 3596
1860 4882
1862 1960
1863 2956
1863 3418
1863 1429
1864 1826
1864 2118
1864 3338
1864 1998
1864 2593
1864 3529
1865 803
1865 806
1865 175
1865 3774
1866 2370
1866 2634
1867 1100
1867 4285
1867 498
1867 336
1868 4259
1869 1064
1870 3736
1870 3045
1871 3389
1872 2204
1873 2153
1873 3642
1874 2500
1874 3716
1875 4712
1875 3138
1875 4856
1875 439
1876 3354
1876 3023
1877 332
1878 2377
1878 691
1878 4715
1878 1361
1878 965
1879 3949
1879 986
1880 4773
1881 708
1882 3658
1882 4664
1882 4643
1882 4370
1882 4442
1882 822
1884 3111
1884 631
1884 2025
1885 4783
1885 3150
1885 1710
1888 988
1888 421
1888 1805
1890 1102
1891 213
1891 3108
1891 2047
1892 4355
1892 815
1893 3741
1894 3137
1894 59
1894 3364
1895 3252
1896 2360
1896 4257
1896 387
1897 1388
1897 1766
1897 2282
1897 4418
1898 514
1898 1833
1898 1746
1898 1035
1899 1773
1899 755
1901 622
1901 3662
1901 730
1902 3777
1902 3590
1902 1658
1902 822
1905 4928
1905 4600
1905 4668
1906 1307
1906 2594
1906 2379
1906 937
1907 430
1907 738
1907 3479
1907 3239
1908 2691
1908 590
1909 4911
1909 2384
1911 1831
1912 2560
1913 3365
1913 611
1914 3111
1914 48
1914 3066
1915 3862
1915 2869
1915 3489
1917 350
1918 4719
1918 370
1919 4045
1920 2225
1920 3243
1922 3074
1923 3857
1923 237
1923 3729
1923 3669
1923 3186
1925 752
1926 3023
1926 2533
1927 3536
1929 3659
1930 3901
1931 3163
1931 4549
1931 2636
1932 3318
1933 2204
1934 1417
1934 3972
1935 842
1935 508
1935 4156
1935 140
1936 1362
1937 4853
1938 863
1939 1331
1939 597
1939 4382
1940 2472
1941 1719
1941 1671
1942 2206
1942 3379
1944 3906
1945 785
1946 403
1946 4185
1948 1776
1948 1326
1948 486
1949 4823
1949 2841
1949 4204
1950 4913
1951 3439
1951 2260
1951 2390
1951 1900
1951 1080
1954 1034
1954 2501
1954 474
1954 1638
1954 2954
1955 2175
1956 2627
1956 2527
1957 3252
1958 743
1958 3938
1959 2
1960 1297
1960 4054
1961 474
1961 4020
1961 4636
1962 4890
1962 2959
1962 2311
1962 540
1963 1293
1964 1423
1966 4200
1967 3696
1968 1997
1968 2205
1969 4693
1969 2709
1969 3360
1970 4674
1970 135
1970 415
1971 1688
1971 3778
1972 4076
1972 4588
1972 4346
1973 4647
1973 2710
1973 1993
1974 1846
1974 4092
1975 849
1975 2183
1975 4362
1975 837
1976 4051
1976 2316
1977 2489
1977 4944
1978 4415
1980 4822
1980 3569
1981 1176
1981 3051
1981 4552
1982 2174
1984 3585
1984 1686
1985 2669
1986 415
1986 1726
1986 3205
1986 1330
1987 1649
1988 4685
1988 1069
1988 4798
1990 3874
1990 609
1990 941
1990 1070
1991 73
1991 1209
1991 3953
1991 1314
1992 1126
1993 2508
1995 4767
1995 2069
1996 3741
1996 4488
1996 400
1996 3935
1997 3806
1998 1208
1998 4227
1999 529
2000 4351
2000 4326
2001 3027
2002 706
2002 3090
2003 376
2004 233
2004 2097
2004 3402
2005 1338
2005 3892
2005 1403
2005 4594
2006 3326
2006 3473
2006 3339
2006 2660
2007 278
2007 4941
2008 1233
2008 3870
2008 2685
2009 3880
2009 4747
2009 3727
2009 3097
2009 595
2009 1850
2009 1853
2011 709
2011 2543
2012 4249
2012 71
2013 2417
2013 4928
2014 1462
2014 3139
2014 4489
2015 2556
2016 3329
2017 1985
2018 2275
2018 3125
2019 2285
2019 441
2020 4061
2020 2030
2020 1829
2020 1090
2021 3502
2021 1985
2022 4409
2023 3387
2023 1685
2024 883
2024 160
2025 1633
2026 2327
2026 4932
2026 3515
2026 3480
2027 3773
2027 3217
2027 3871
2028 1922
2028 862
2028 671
2029 3586
2029 1249
2030 1840
2030 1154
2032 2185
2032 55
2032 4533
2032 1450
2033 970
2033 2908
2033 3409
2033 1203
2033 1911
2033 2930
2034 1822
2034 2462
2034 684
2035 636
2036 3947
2036 2169
2036 358
2036 3365
2037 4669
2037 111
2037 2266
2037 2381
2037 3803
2037 1621
2038 1853
2038 4927
2039 3152
2039 2483
2039 1720
2039 4224
2040 1471
2040 4002
2040 46
2040 1021
2041 4453
2042 538
2043 2303
2044 842
2044 555
2045 3069
2045 480
2046 775
2046 1908
2046 1853
2047 1612
2047 4446
2047 687
2047 1363
2048 3742
2048 427
2048 3125
2048 2654
2048 1416
2049 3627
2049 1852
2049 4453
2049 832
2050 4901
2051 675
2052 1608
2052 1199
2052 3652
2052 939
2052 4980
2052 3406
2053 1120
2053 323
2053 1512
2054 1437
2054 4156
2055 4605
2055 3114
2055 2824
2057 1495
2057 3782
2058 3867
2058 4552
2058 2921
2058 3928
2059 1128
2059 3198
2059 4288
2061 655
2061 4160
2063 4571
2063 1581
2063 673
2064 4937
2064 1442
2064 3373
2064 4093
2065 3191
2065 2001
2066 305
2067 2648
2067 2903
2067 1776
2068 3913
2069 1262
2071 4588
2071 2475
2071 3987
2071 4330
2072 4527
2072 2246
2074 1127
2074 4797
2075 299
2075 2911
2076 2984
2076 2937
2076 4916
2078 4118
2080 3764
2083 1604
2084 24
2084 996
2084 2631
2086 4509
2086 4964
2087 4796
2087 809
2088 3066
2088 1665
2088 2135
2088 2852
2089 46
2090 3711
2090 298
2091 76
2091 4785
2091 2855
2091 4944
2091 4167
2091 2793
2092 1395
2093 2371
2093 2464
2095 3879
2096 1766
2097 128
2097 3621
2099 2460
2099 2740
2100 3924
2100 95
2101 3262
2104 649
2106 745
2107 1867
2107 1313
2108 4950
2108 3985
2110 872
2111 167
2111 4809
2112 3899
2112 2787
2112 4654
2113 3876
2114 4727
2115 1474
2115 2168
2115 3463
2115 1384
2115 3109
2117 3237
2118 740
2118 4579
2118 724
2120 614
2121 846
2122 947
2122 77
2122 2108
2123 2025
2123 1367
2124 3348
2125 3428
2125 4424
2126 4668
2127 1533
2127 4304
2127 2139
2128 2957
2129 2805
2129 1289
2129 2684
2130 1331
2130 4401
2132 1391
2132 3216
2133 3028
2133 957
2133 423
2134 4796
2134 4452
2134 3288
2135 1421
2135 4560
2135 652
2136 3142
2136 257
2136 1304
2137 4147
2137 1642
2137 2483
2138 3454
2138 1673
2138 4255
2138 2079
2138 1299
2139 1462
2139 857
2139 2447
2139 69
2140 4391
2140 2474
2140 2012
2141 3708
2142 2945
2142 2946
2143 2574
2143 4443
2143 2601
2143 2118
2144 2132
2144 1929
2145 1323
2146 1427
2147 1020
2147 1325
2149 4010
2150 1272
2150 696
2150 4841
2150 4749
2150 3329
2151 1189
2151 2458
2152 4788
2152 3743
2152 550
2153 4617
2153 517
2153 3164
2154 4723
2154 4285
2154 648
2154 711
2155 1816
2155 3115
2155 1315
2156 3602
2156 2160
2157 4100
2157 4740
2157 2033
2157 4436
2157 4052
2157 4543
2157 1194
2160 4786
2161 2426
2161 630
2161 4896
2162 4140
2163 3137
2164 1065
2164 4720
2164 2734
2165 4997
2165 3026
2165 950
2165 1300
2166 355
2166 4395
2166 1373
2166 2518
2167 4831
2167 4854
2168 1726
2168 1745
2168 2459
2170 982
2171 4322
2171 2796
2172 3727
2172 1085
2172 1717
2172 389
2173 4540
2174 625
2175 4738
2175 621
2175 969
2176 1165
2176 4556
2176 3963
2176 3711
2177 4333
2177 3980
2177 851
2179 548
2180 1955
2180 4261
2182 1241
2184 676
2184 682
2185 2786
2185 234
2185 4527
2185 3423
2186 4961
2186 2351
2187 2700
2187 805
2187 3788
2188 21
2188 1179
2188 353
2189 3251
2189 199
2189 4860
2190 4214
2190 4125
2190 433
2191 3683
2191 4453
2192 1168
2192 2241
2193 384
2193 1984
2194 3417
2195 1263
2197 761
2197 4056
2197 2222
2198 2640
2199 3089
2199 2644
2199 1926
2201 967
2202 3382
2204 3354
2204 1497
2204 4704
2205 1024
2205 2978
2205 3206
2206 4730
2206 244
2207 4720
2207 890
2207 4191
2208 1314
2208 4703
2209 1656
2209 3983
2211 4562
2211 4961
2211 888
2211 1395
2211 695
2212 4408
2212 1466
2212 137
2213 876
2214 2277
2215 422
2215 1354
2217 1168
2217 4035
2217 4654
2218 3389
2220 1159
2220 4976
2220 1908
2222 3644
2223 4532
2224 1695
2225 2611
2225 2957
2226 753
2226 4231
2227 3941
2227 1540
2227 4802
2229 4030
2229 335
2230 4099
2230 4204
2231 2308
2231 4493
2233 1223
2233 2958
2233 41
2234 1117
2234 4614
2234 2621
2235 3752
2236 3278
2236 2014
2236 3132
2236 274
2237 1765
2237 2212
2238 2531
2238 4897
2238 1257
2238 1198
2239 3403
2239 3690
2239 3395
2240 4701
2241 3259
2241 4384
2241 231
2242 4405
2242 4592
2243 1157
2243 4463
2243 3583
2245 1056
2245 3759
2247 1571
2247 700
2248 66
2248 2696
2249 3603
2249 3600
2249 2328
2250 4844
2250 4388
2250 4020
2250 2829
2251 1841
2251 3116
2252 4795
2252 1685
2252 679
2252 3921
2252 2745
2253 2006
2253 4342
2254 2104
2254 3204
2254 1577
2255 3471
2255 4869
2256 3301
2256 2682
2256 2716
2256 2332
2256 1562
2257 4985
2257 4030
2258 1544
2259 3230
2260 3272
2260 4535
2260 917
2261 4789
2261 4406
2262 4257
2262 2126
2262 737
2263 3399
2264 3497
2264 434
2264 4999
2265 4829
2266 2944
2267 526
2268 690
2268 74
2269 4187
2269 4432
2270 2328
2270 4189
2271 4270
2271 1039
2271 511
2272 725
2272 4662
2273 684
2273 1590
2274 1865
2274 0
2275 4511
2275 1089
2276 2064
2276 3465
2276 1656
2276 494
2277 3714
2278 53
2278 412
2278 2601
2279 4711
2279 682
2280 512
2280 400
2280 2474
2281 3976
2281 3022
2281 1185
2281 3959
2281 1523
2282 568
2283 2044
2284 3692
2284 1207
2284 3574
2285 1150
2285 4864
2286 2876
2286 4559
2286 1321
2287 656
2289 3538
2289 2036
2290 4438
2291 3137
2291 4323
2291 1447
2291 642
2292 3653
2293 1460
2293 3420
2294 4722
2294 4970
2295 3259
2295 4968
2295 2259
2295 4263
2296 4448
2297 255
2298 2875
2299 4037
2300 2306
2301 479
2301 2953
2302 4889
2303 2931
2303 2043
2304 372
2305 1321
2306 2436
2306 3585
2306 3200
2307 2084
2307 326
2308 1627
2310 4518
2310 172
2311 255
2311 3980
2312 862
2313 706
2313 1598
2313 2146
2313 3168
2313 2033
2315 358
2315 4708
2316 3719
2317 2445
2317 2647
2317 2654
2318 823
2318 3118
2318 1551
2319 2642
2319 1172
2320 4702
2320 3073
2320 812
2321 1194
2321 2288
2322 2840
2322 713
2323 2766
2323 2192
2323 4929
2323 4883
2325 1750
2325 1686
2326 646
2327 1479
2328 999
2328 909
2329 4873
2329 4368
2330 4580
2330 4880
2330 2724
2332 4357
2332 25
2333 4393
2334 1292
2334 3583
2335 687
2335 224
2335 1716
2335 146
2335 2684
2335 3482
2336 3465
2336 1493
2336 2644
2337 1179
2337 4722
2337 3867
2338 265
2339 4023
2340 4702
2342 3460
2342 1595
2342 3779
2343 4387
2343 1847
2344 1885
2345 3681
2346 2332
2346 1992
2347 2266
2347 2982
2348 140
2348 3284
2348 3076
2348 402
2349 3971
2349 2259
2349 1850
2350 3870
2350 2798
2351 628
2351 3349
2351 2853
2351 1458
2352 3498
2352 1152
2353 761
2353 3437
2353 2143
2354 1863
2355 949
2356 647
2356 384
2356 112
2356 3417
2356 4072
2356 2206
2357 998
2358 4048
2358 2243
2359 3589
2359 1574
2359 4884
2359 25
2359 1456
2360 1946
2361 529
2362 630
2362 3530
2362 212
2363 1028
2363 2125
2364 3597
2364 1341
2364 1699
2367 1698
2367 4869
2368 1669
2368 4774
2369 3908
2369 443
2370 4691
2371 943
2371 4537
2372 904
2372 372
2373 471
2374 2468
2374 2393
2375 2371
2376 2450
2376 1320
2377 3146
2377 4286
2377 4413
2378 4924
2378 330
2379 344
2379 38
2380 3607
2380 346
2380 4202
2381 3835
2381 1870
2382 3734
2382 2951
2382 1792
2383 718
2383 2194
2384 3021
2384 1186
2384 1840
2385 267
2385 3600
2385 3518
2385 2512
2386 3516
2386 2191
2386 1956
2387 882
2387 3004
2387 4309
2388 4618
2389 2138
2389 4338
2390 4168
2390 223
2390 2583
2390 1064
2391 546
2392 267
2393 3616
2393 3973
2394 3702
2394 3147
2394 3376
2394 2106
2394 1850
2395 1062
2397 2000
2397 3385
2397 836
2398 3856
2399 4890
2399 3492
2400 1999
2400 3044
2400 4968
2401 2962
2401 3412
2401 702
2402 3082
2403 4375
2403 438
2403 975
2403 318
2404 4078
2404 4947
2405 3716
2405 4684
2406 2631
2406 799
2406 52
2408 3799
2408 3980
2408 1551
2408 255
2408 1065
2409 1217
2409 1521
2410 2220
2411 446
2411 1157
2412 1043
2412 4110
2413 2369
2413 3825
2414 127
2414 3059
2415 4664
2415 2659
2416 3010
2416 1180
2416 897
2416 2124
2417 4944
2417 3641
2417 1399
2418 1248
2419 2018
2419 3642
2420 3407
2420 4657
2420 790
2420 3064
2421 447
2422 4541
2422 3434
2423 2418
2423 2765
2425 2163
2426 192
2427 2199
2428 1577
2428 4527
2430 1783
2430 2515
2431 1793
2431 1996
2435 4698
2435 4041
2436 3715
2436 4834
2436 1723
2436 3203
2437 1299
2438 264
2438 4898
2440 4689
2441 3056
2441 520
2441 3194
2442 4961
2443 3698
2443 826
2444 4652
2444 3384
2444 2712
2444 4681
2444 2899
2444 946
2445 885
2445 4021
2445 2978
2446 3194
2446 1372
2447 1022
2447 4344
2448 2131
2448 646
2448 4487
2448 3195
2448 4702
2450 3475
2450 1304
2450 664
2451 4863
2451 1330
2451 2644
2451 2330
2452 848
2452 4628
2453 237
2453 2308
2453 3060
2454 3429
2454 2671
2454 2164
2455 3890
2455 4671
2456 3546
2456 3333
2457 3745
2457 1290
2457 4663
2458 1899
2459 1392
2459 4150
2459 4006
2459 1121
2459 1634
2460 4154
2460 2036
2460 692
2461 2254
2461 2626
2461 3629
2462 734
2462 4889
2462 4086
2463 1182
2464 2546
2465 3326
2465 2250
2466 2198
2466 3447
2466 2223
2466 2498
2466 2692
2466 1113
2467 998
2467 4018
2467 2849
2468 4495
2469 3537
2469 198
2470 995
2470 4905
2471 84
2472 4134
2473 4771
2473 4794
2473 2514
2474 1631
2474 3956
2474 1161
2474 1935
2475 4265
2476 1934
2476 1496
2477 1987
2478 4333
2478 3233
2478 1718
2479 1770
2479 2248
2479 4883
2479 3118
2480 1982
2480 3281
2480 2955
2480 279
2481 3227
2483 1811
2483 1935
2484 3888
2484 831
2484 2329
2485 1804
2485 2956
2486 4500
2486 4385
2487 1922
2487 3988
2488 3510
2489 2350
2489 697
2489 1987
2489 638
2489 4047
2490 4542
2491 3297
2491 4646
2491 4383
2492 4942
2492 901
2493 2569
2494 3561
2494 972
2495 235
2495 4655
2495 763
2495 2749
2495 774
2495 2707
2496 3893
2497 1386
2497 1325
2497 937
2497 4223
2498 4529
2499 3686
2499 2322
2501 4658
2501 1954
2501 2621
2502 1918
2502 3989
2503 79
2504 4785
2504 3008
2505 3715
2505 41
2505 829
2507 1862
2507 3306
2508 2733
2508 4917
2509 1571
2510 3652
2510 1895
2510 2405
2511 2059
2511 2155
2511 1981
2512 4732
2513 1308
2513 3336
2514 4656
2515 3444
2515 3707
2516 4110
2519 851
2519 658
2519 540
2519 3339
2520 218
2520 4093
2521 1565
2522 2996
2522 3371
2523 2535
2523 3324
2523 3650
2523 52
2523 1299
2523 1930
2524 172
2524 3849
2525 3643
2525 3795
2525 2576
2525 3637
2527 4074
2527 3667
2527 2612
2528 69
2529 3604
2530 3611
2530 1936
2531 1438
2531 4291
2533 3345
2533 1561
2533 1158
2534 1878
2535 3842
2535 4442
2535 4601
2536 4665
2537 4634
2537 3540
2538 647
2538 4410
2538 101
2539 534
2540 3583
2540 1334
2541 2781
2541 3210
2541 3307
2542 1840
2542 3782
2542 2681
2542 4812
2542 2690
2542 4151
2543 4146
2544 2723
2544 2706
2545 4512
2545 2681
2546 514
2547 961
2547 2296
2548 885
2548 4151
2548 3168
2549 2909
2551 2767
2551 3901
2551 4507
2552 4082
2552 2970
2552 1357
2552 1710
2552 1365
2552 4151
2553 4788
2555 4716
2555 2810
2555 3636
2556 2646
2556 4854
2557 3270
2557 2651
2558 739
2559 4959
2559 184
2559 3187
2562 3105
2563 3390
2563 3228
2563 4281
2563 4073
2564 4716
2564 4184
2564 2655
2565 965
2565 2016
2565 3318
2565 978
2566 4486
2566 361
2566 532
2566 4127
2567 4890
2567 2554
2567 4472
2568 2595
2568 858
2568 403
2569 468
2569 3430
2569 392
2570 4717
2571 1020
2571 4534
2571 2896
2571 4928
2571 4810
2571 966
2571 466
2573 2864
2573 3108
2574 1007
2574 4287
2574 2893
2575 1001
2575 814
2577 3694
2577 763
2578 3470
2579 177
2580 3219
2581 4840
2581 1000
2582 3072
2584 4548
2584 4024
2585 2540
2586 3378
2586 4343
2586 2131
2587 3349
2588 1185
2588 551
2589 972
2590 594
2590 4346
2591 2136
2591 3508
2591 3552
2592 3094
2592 4470
2592 116
2592 930
2592 1386
2593 4706
2594 3997
2594 3124
2594 1801
2594 1410
2595 3400
2596 2816
2596 2205
2597 607
2598 3328
2598 2832
2599 4345
2599 3129
2599 2805
2599 375
2600 4842
2601 1559
2601 464
2602 3410
2603 4304
2603 3980
2603 4941
2603 1084
2604 4911
2604 358
2604 258
2605 2939
2606 1809
2606 3135
2606 4237
2607 2806
2607 1013
2607 4295
2609 1367
2610 811
2610 3391
2610 527
2610 4168
2612 4730
2612 4891
2612 4435
2613 1054
2613 3692
2614 1980
2614 2387
2614 4174
2615 2829
2615 4423
2615 4048
2616 3698
2616 2975
2617 1375
2618 2846
2618 3776
2618 2990
2619 548
2620 2222
2620 389
2622 2530
2622 1623
2622 4426
2624 4209
2624 3291
2624 1109
2624 4336
2624 1743
2625 2889
2625 503
2625 3592
2625 4319
2625 3995
2627 2822
2627 2394
2627 2840
2627 896
2628 2207
2628 2132
2629 2166
2630 881
2630 233
2630 1674
2631 2338
2631 3836
2632 1865
2633 4631
2633 4597
2634 1746
2634 2798
2634 1736
2634 666
2636 4129
2636 4688
2636 3775
2637 3954
2639 3809
2639 3021
2640 3499
2641 4690
2641 1669
2641 1351
2642 1117
2642 2590
2643 1847
2643 3517
2644 2537
2645 3174
2646 3543
2647 2589
2648 637
2648 371
2648 3905
2649 2108
2649 4754
2650 487
2650 1259
2650 3683
2651 2397
2651 1896
2652 129
2652 1281
2652 1841
2654 845
2655 4002
2655 2112
2656 2201
2657 4649
2657 3155
2657 3183
2657 4780
2658 681
2658 3753
2659 3952
2659 2438
2659 1810
2660 1407
2660 3713
2661 3748
2661 3275
2662 1489
2662 4995
2663 2268
2664 3900
2664 731
2664 1486
2664 520
2665 2962
2666 3929
2666 1407
2667 4230
2668 1884
2668 4672
2668 4571
2668 4934
2669 4555
2669 1489
2670 3267
2670 2599
2671 306
2672 3296
2672 2605
2673 242
2673 450
2675 4361
2675 282
2675 2334
2675 1724
2675 1102
2676 3403
2676 3200
2676 3365
2677 2764
2677 4115
2677 4842
2677 3570
2679 2643
2679 2478
2679 2319
2679 4861
2681 3557
2681 1371
2681 3750
2681 2787
2682 2583
2682 3189
2684 2024
2685 1215
2685 4230
2685 1528
2685 1657
2686 2421
2686 2609
2686 710
2687 4997
2687 982
2688 4815
2688 4168
2690 1046
2692 212
2692 1329
2692 1099
2692 528
2692 1991
2693 3437
2693 2011
2694 809
2697 3679
2697 4786
2697 2048
2697 3109
2698 359
2698 728
2699 3606
2701 3372
2701 3205
2703 3711
2704 1108
2704 3603
2704 818
2705 3869
2705 647
2705 4654
2705 820
2706 580
2706 4631
2707 3820
2708 1331
2708 1921
2708 3689
2708 2674
2709 2882
2710 2925
2710 184
2712 637
2712 4738
2712 2019
2713 897
2713 4635
2713 2421
2713 2807
2713 258
2714 3044
2714 3336
2714 498
2714 3495
2715 3079
2715 3386
2715 1584
2716 3526
2716 1003
2717 310
2717 2896
2717 3923
2718 2712
2718 1712
2719 2238
2720 4496
2720 652
2721 3372
2721 3112
2722 1623
2722 208
2723 4521
2723 179
2725 492
2725 3460
2725 2621
2726 1833
2726 2938
2727 2483
2727 4349
2728 3880
2729 1119
2729 1250
2730 2630
2730 2796
2730 2204
2731 1132
2731 4868
2731 4039
2732 1071
2732 1995
2732 4013
2732 4257
2732 4767
2733 969
2733 435
2733 4242
2734 2864
2734 64
2734 1610
2734 549
2734 3868
2734 1629
2735 1690
2736 3801
2736 1379
2736 4945
2738 3712
2738 2051
2738 2493
2740 486
2740 1213
2740 3399
2741 2758
2742 3527
2743 1954
2743 4912
2743 4007
2744 2331
2744 2214
2744 3343
2744 4382
2744 4240
2745 4632
2745 144
2745 1396
2746 1196
2747 2261
2748 229
2750 449
2751 2619
2751 1042
2752 4069
2753 3312
2754 2264
2755 4155
2757 837
2757 2472
2757 3037
2759 2239
2759 2757
2760 3586
2761 2416
2761 745
2762 1526
2763 3637
2763 133
2763 3724
2763 1620
2763 2290
2764 1473
2764 331
2764 1946
2765 2108
2765 1390
2765 994
2766 350
2766 3527
2766 4519
2766 245
2766 3426
2766 4994
2767 2482
2767 3953
2767 2473
2767 4179
2768 4866
2768 882
2768 3924
2768 2046
2769 3452
2769 837
2770 664
2771 4897
2771 2578
2771 2017
2772 1875
2773 3256
2773 1434
2773 2544
2774 943
2774 4428
2774 920
2774 1333
2774 3404
2776 3715
2776 1934
2777 1530
2777 4431
2778 3073
2778 3834
2778 4301
2779 459
2779 3764
2781 3146
2782 3758
2782 212
2782 3700
2783 2875
2783 4542
2783 1847
2783 373
2783 1162
2784 4159
2784 3580
2784 3375
2784 4452
2784 307
2784 3936
2785 958
2785 659
2786 4969
2786 4364
2786 4024
2787 2276
2787 4851
2788 2290
2789 2914
2790 4957
2790 2618
2791 1453
2791 1705
2791 445
2791 1518
2791 981
2791 1939
2792 1289
2792 2976
2793 3555
2794 395
2794 2255
2794 576
2794 3058
2795 103
2795 3117
2796 2349
2796 3665
2796 1198
2796 1690
2797 3819
2797 726
2799 3983
2799 3218
2799 3797
2799 1528
2800 3442
2801 2432
2802 1410
2802 243
2802 1084
2803 4460
2803 4126
2804 4252
2804 2638
2804 2616
2806 2444
2807 3352
2807 4015
2807 3714
2807 498
2808 1667
2808 2409
2808 2673
2808 2840
2809 2469
2809 216
2810 2582
2811 1821
2811 3176
2812 911
2812 3187
2814 987
2814 1869
2814 1801
2814 4428
2815 3271
2816 3366
2816 1600
2816 2783
2817 4945
2817 2349
2817 1538
2818 4633
2818 1760
2818 2886
2819 162
2819 64
2819 4096
2819 1276
2819 494
2820 1339
2820 2556
2820 3261
2820 731
2820 1115
2821 3122
2823 818
2823 3338
2825 201
2825 2878
2825 3080
2826 445
2826 541
2826 198
2827 3521
2827 1199
2827 2927
2827 4355
2827 3727
2827 2945
2828 1086
2828 3313
2828 680
2828 1050
2830 4813
2831 2569
2832 3152
2833 439
2834 4250
2834 3650
2834 3474
2835 1270
2835 3757
2836 2142
2837 3623
2837 3640
2839 3308
2841 1335
2842 2362
2844 4364
2844 3225
2844 3945
2845 628
2845 2333
2846 2265
2846 2395
2848 2651
2849 212
2849 2483
2850 3345
2850 2883
2850 3557
2851 1718
2851 4788
2851 3047
2852 196
2853 3900
2853 1560
2853 3505
2853 3206
2853 4538
2855 712
2855 4951
2855 567
2856 553
2856 3966
2856 1824
2857 2713
2858 4687
2859 563
2859 300
2859 1477
2861 2956
2861 3433
2861 2686
2861 1725
2862 660
2864 2500
2864 3622
2864 1525
2864 894
2868 2320
2868 3784
2869 3534
2870 4580
2870 577
2871 2102
2872 3800
2872 964
2873 4360
2873 4470
2876 1209
2876 4960
2877 4473
2877 668
2878 1742
2879 3662
2879 254
2880 848
2880 4650
2880 1177
2880 4627
2881 2885
2881 4409
2881 4405
2882 2911
2882 4613
2883 4591
2884 4965
2885 1386
2885 1315
2886 4472
2886 2581
2888 2466
2889 2330
2889 4529
2890 398
2890 2826
2891 3063
2891 1704
2892 3237
2892 4231
2892 2329
2893 1445
2894 417
2896 3464
2896 1146
2896 1936
2897 4586
2897 3555
2898 3250
2899 1758
2899 2583
2899 4305
2899 4960
2901 590
2901 3503
2902 4967
2903 3534
2905 2037
2905 1141
2905 2952
2905 3061
2906 2116
2906 4198
2908 2553
2909 2391
2909 2663
2909 4740
2910 1829
2910 382
2910 3660
2911 3448
2912 1260
2912 1796
2913 1278
2913 2559
2914 4530
2914 3246
2914 48
2916 1277
2916 4275
2917 3897
2917 3953
2918 753
2920 4576
2921 2649
2921 2313
2922 1663
2923 1828
2923 3416
2923 3861
2923 3705
2924 391
2924 1299
2924 1804
2925 631
2926 4078
2926 4685
2927 757
2927 624
2927 1512
2928 4784
2928 3585
2929 3836
2929 3888
2930 2549
2931 1720
2931 556
2931 1402
2932 3757
2932 3168
2932 2509
2933 597
2933 3935
2934 518
2934 1103
2936 3070
2936 4155
2936 2423
2937 236
2938 496
2938 3933
2938 4168
2939 331
2939 2136
2940 4708
2940 2731
2941 3929
2941 787
2941 675
2941 2272
2942 1543
2942 898
2943 2526
2943 651
2944 1690
2947 3915
2948 2209
2948 359
2949 3706
2950 454
2950 2561
2950 883
2950 1833
2951 4590
2951 3869
2951 313
2951 2925
2951 3536
2952 3196
2953 2960
2953 694
2954 554
2954 872
2954 2010
2955 2404
2955 2809
2956 4538
2958 2061
2958 2592
2958 3325
2958 4347
2959 3179
2959 2361
2959 3721
2959 3652
2959 3199
2960 231
2960 1703
2961 4237
2961 1304
2961 4226
2962 1286
2963 4083
2963 243
2963 23
2963 2201
2963 1846
2963 1998
2964 149
2964 4421
2964 652
2964 1326
2965 4204
2965 1891
2966 4386
2967 3766
2967 4931
2967 873
2967 4715
2967 3966
2967 2784
2967 2728
2968 4574
2969 785
2970 2530
2971 813
2971 4941
2972 999
2972 81
2972 2732
2973 2519
2973 301
2973 2584
2973 3380
2975 4808
2975 4604
2975 3322
2976 3571
2976 2894
2976 3272
2977 3211
2977 3795
2978 3158
2978 2857
2978 2767
2979 2741
2979 2599
2979 2003
2980 4113
2980 132
2980 615
2981 2159
2983 3533
2983 4166
2983 1282
2983 1721
2983 4014
2984 1945
2984 3788
2984 3253
2985 3508
2986 1922
2987 326
2988 1332
2988 1076
2988 914
2989 594
2990 896
2991 2070
2992 4379
2992 1157
2993 4475
2993 3494
2994 3001
2995 2257
2995 3818
2995 1158
2995 114
2996 739
2996 3303
2996 2670
2996 210
2997 4348
2997 370
2997 1506
2998 3673
2999 2540
2999 4745
3000 2966
3001 2857
3002 3382
3003 306
3003 3522
3003 2128
3003 2454
3004 4199
3004 2866
3005 4517
3005 174
3007 3719
3007 4769
3008 3737
3009 4460
3009 4253
3010 1468
3010 4199
3011 2451
3011 1490
3012 2881
3014 1393
3014 417
3015 537
3015 171
3015 1763
3016 472
3016 4328
3017 3802
3017 4452
3017 1977
3018 3702
3019 2147
3019 3104
3019 927
3019 4247
3019 3808
3020 2663
3020 424
3021 1374
3021 1161
3021 2358
3022 1643
3023 3724
3023 477
3023 1960
3024 4771
3024 2490
3025 2067
3025 4682
3026 1528
3026 3589
3027 236
3027 2272
3027 401
3027 2114
3028 4775
3028 3050
3029 801
3029 3905
3030 4533
3031 2552
3031 837
3032 2910
3032 2040
3034 355
3034 1580
3034 314
3034 4093
3034 968
3035 4218
3037 655
3037 1187
3037 366
3037 4276
3038 3047
3038 1083
3039 4425
3039 3124
3040 2583
3041 4513
3042 3798
3042 3407
3043 887
3043 2497
3043 468
3044 3702
3044 443
3044 4618
3045 3377
3046 1355
3046 1039
3046 2360
3047 1188
3048 3829
3048 3841
3049 688
3049 2990
3049 4618
3049 4213
3050 3399
3050 1162
3050 4911
3051 165
3051 1880
3052 1065
3052 2807
3053 4477
3053 313
3054 2317
3054 978
3054 2828
3054 3879
3054 623
3055 3972
3055 2127
3055 2762
3056 3146
3056 1449
3056 1042
3056 782
3057 2777
3057 495
3057 927
3057 4922
3057 2172
3058 2077
3058 1158
3058 4427
3058 4492
3060 3240
3061 683
3062 870
3062 4304
3063 1323
3064 3204
3064 2085
3065 306
3065 4084
3065 1466
3065 40
3065 4696
3066 2451
3066 4968
3066 3096
3066 4185
3067 2484
3067 4251
3067 1300
3068 3771
3068 287
3068 2198
3069 925
3069 1138
3069 1526
3069 3855
3070 2514
3071 4213
3071 1707
3071 2012
3072 1682
3072 208
3072 2244
3073 2095
3073 2749
3074 3249
3074 830
3074 2568
3074 343
3075 3537
3076 990
3076 4386
3077 1042
3078 724
3078 1674
3078 1296
3078 4969
3079 4637
3079 3579
3080 2296
3080 3465
3081 580
3081 1803
3082 1825
3082 3625
3083 1506
3083 4925
3084 2856
3084 3498
3084 3864
3084 2171
3085 4775
3085 481
3086 1263
3086 2570
3086 359
3087 678
3088 3126
3088 674
3089 4613
3089 1820
3089 2278
3089 66
3090 3893
3090 2520
3091 1652
3091 244
3091 1113
3091 2900
3092 3077
3092 1770
3093 4257
3094 1021
3094 884
3094 4612
3095 4820
3095 2829
3098 3157
3098 3065
3099 2513
3099 1807
3099 2823
3100 2992
3100 4973
3101 860
3103 4649
3103 4773
3104 2755
3104 2682
3104 212
3105 2681
3105 2279
3105 1519
3105 1396
3106 3089
3107 1881
3107 1510
3107 3906
3109 3474
3110 3232
3111 116
3111 2763
3111 922
3112 1263
3112 316
3113 702
3113 3440
3113 3181
3114 4726
3114 188
3115 1012
3115 2763
3115 4615
3116 3907
3116 3690
3116 3798
3116 1350
3116 403
3117 540
3118 1388
3118 4165
3120 4893
3120 1190
3120 3873
3120 167
3120 2718
3121 2347
3121 642
3122 28
3122 4646
3123 2871
3123 1672
3123 3828
3123 3886
3124 4685
3124 928
3124 3236
3124 758
3124 3290
3124 3501
3124 2986
3125 3174
3125 642
3125 2092
3126 4340
3127 1337
3128 4119
3129 1066
3129 4548
3130 2254
3130 3907
3131 4265
3132 141
3132 4693
3132 4536
3133 317
3133 3674
3134 3151
3134 3079
3135 3183
3135 4801
3136 4646
3136 1936
3136 4335
3137 1229
3137 2994
3137 3516
3137 2704
3138 1949
3138 3160
3140 38
3140 4752
3141 3467
3141 2296
3142 1561
3142 4123
3143 3465
3143 4415
3143 4479
3144 1146
3144 541
3145 4600
3145 2879
3145 3802
3145 169
3145 3724
3146 4191
3146 714
3146 2609
3146 1215
3146 4659
3147 1564
3148 3282
3149 4439
3150 2951
3151 3958
3151 3429
3151 2910
3151 2533
3151 1502
3151 920
3151 2508
3152 3126
3152 2323
3152 2407
3153 1542
3154 2888
3155 4723
3156 1552
3156 3473
3158 3886
3158 3437
3159 3917
3160 879
3161 923
3161 2101
3161 4648
3161 1166
3162 1246
3162 4829
3163 3054
3164 3461
3164 1261
3166 2327
3166 406
3166 1893
3171 4280
3171 241
3171 3090
3171 2142
3172 1446
3173 3348
3173 4228
3173 3059
3173 3338
3173 2514
3174 1514
3174 1555
3174 4644
3174 874
3175 1958
3177 4530
3177 1550
3177 671
3179 4171
3179 3470
3179 2354
3180 3786
3181 1989
3181 2215
3181 2906
3181 1309
3182 3797
3182 1576
3183 3716
3183 3215
3183 2222
3185 36
3185 2505
3185 4683
3186 1691
3188 3542
3188 2893
3189 4522
3190 4784
3191 2594
3191 1535
3191 1480
3192 3861
3193 4274
3193 1283
3194 4734
3194 1932
3194 1032
3194 154
3195 3887
3195 2094
3196 2388
3196 227
3197 3414
3198 3851
3200 1464
3200 521
3200 2915
3200 455
3200 3189
3201 1379
3201 824
3201 4930
3201 3684
3201 1568
3203 4470
3203 1286
3203 588
3203 4826
3203 4844
3204 3777
3204 3024
3205 3113
3205 3868
3206 1578
3208 3967
3209 417
3209 3013
3210 3218
3211 2131
3212 4739
3213 2764
3213 1296
3214 584
3215 1829
3215 434
3216 1461
3216 1031
3217 1794
3218 2990
3218 1766
3218 842
3220 2374
3221 4140
3221 303
3221 3090
3221 2300
3222 1286
3222 422
3222 2444
3222 2998
3223 3091
3223 357
3223 3417
3224 1781
3224 1224
3225 4555
3226 4375
3226 1105
3228 1740
3228 1606
3229 3060
3229 4475
3230 613
3230 1212
3230 3926
3230 498
3231 2519
3232 114
3232 3449
3232 226
3233 2047
3233 1089
3233 1817
3234 284
3234 2173
3234 4299
3234 1696
3235 4064
3235 2479
3235 1655
3235 4285
3236 3505
3237 4909
3238 1007
3238 75
3239 1275
3240 239
3240 1458
3240 2408
3241 3758
3241 1788
3242 1072
3242 2715
3242 157
3243 1354
3244 4660
3244 908
3245 2036
3246 2002
3246 4820
3249 1960
3249 4002
3250 2642
3251 3548
3251 4113
3252 346
3252 4058
3252 843
3252 4292
3253 4788
3253 1743
3255 4565
3255 1668
3256 3857
3256 1211
3256 1738
3256 1864
3257 4801
3259 4976
3260 2575
3260 2494
3260 964
3261 2260
3261 3921
3261 4097
3261 1049
3262 630
3262 3094
3262 245
3262 359
3262 4238
3263 810
3263 326
3263 3853
3264 2689
3264 4110
3264 3100
3265 2135
3265 4435
3266 3407
3266 1071
3267 2090
3267 730
3268 3059
3268 2801
3268 2130
3269 803
3270 1627
3270 3820
3271 2965
3271 3879
3273 4714
3274 3982
3275 4661
3275 3434
3276 1581
3277 3736
3277 2362
3278 666
3279 653
3279 819
3280 4506
3280 4292
3280 458
3281 419
3281 2772
3281 2290
3281 4837
3281 4465
3281 1433
3282 4028
3282 1074
3282 4858
3282 3782
3283 570
3283 781
3283 3278
3283 4837
3283 4974
3283 2428
3284 564
3285 480
3285 3513
3285 4506
3285 3424
3286 2193
3286 2459
3286 1100
3287 2855
3287 4154
3287 890
3288 4096
3288 4708
3290 3492
3290 317
3290 1346
3290 3460
3291 1137
3292 366
3292 4710
3293 2656
3293 1850
3293 4535
3293 2904
3293 517
3294 2590
3294 1333
3295 2058
3295 1024
3296 2334
3296 1739
3297 821
3297 1282
3298 2779
3298 3906
3298 1447
3298 4067
3298 856
3300 48
3300 264
3300 4897
3301 86
3301 3398
3302 3410
3303 1925
3303 2086
3303 3798
3303 3372
3304 1111
3304 4404
3304 2736
3305 4702
3307 982
3307 553
3308 574
3308 4301
3309 4709
3310 2618
3311 1005
3311 3564
3312 3704
3313 3421
3313 4839
3313 3123
3314 3180
3314 3962
3315 584
3315 420
3316 342
3316 1346
3317 2646
3317 4664
3318 170
3318 1511
3318 669
3318 2245
3320 161
3321 4116
3321 4801
3321 968
3322 4839
3323 876
3323 4750
3324 1953
3324 3449
3324 2421
3326 3760
3326 3125
3326 2481
3327 2976
3328 4595
3328 4257
3329 3978
3329 1266
3329 4002
3329 2152
3330 989
3330 2561
3331 1703
3331 284
3331 2254
3332 3653
3332 540
3333 2244
3333 596
3334 1559
3334 2977
3334 536
3334 1425
3335 3968
3335 1696
3335 4926
3336 2380
3336 4300
3336 1595
3336 351
3338 1914
3339 2710
3339 3178
3339 380
3339 1367
3339 3
3340 1451
3341 43
3342 763
3342 4655
3342 871
3343 2291
3344 955
3345 2083
3345 238
3346 3690
3346 1195
3346 2883
3347 2111
3347 903
3347 479
3348 318
3348 187
3350 3010
3350 1056
3350 498
3351 4028
3352 4539
3352 876
3352 1416
3352 83
3354 4709
3355 3172
3356 2419
3356 3808
3357 2638
3357 1812
3357 1004
3358 4243
3359 3694
3359 3822
3360 3778
3361 1547
3362 409
3365 4922
3365 4474
3365 3983
3365 3129
3367 3102
3368 2485
3368 800
3368 3206
3368 2292
3368 1176
3369 97
3369 3610
3369 4528
3369 849
3369 2592
3371 485
3371 2281
3371 4737
3372 3624
3372 4274
3372 4740
3373 993
3373 2709
3374 2877
3375 4636
3375 1959
3375 2787
3376 2128
3376 416
3377 293
3377 1524
3378 1433
3379 4537
3380 2814
3382 3242
3383 3051
3383 1823
3383 774
3383 4392
3383 1222
3384 4553
3384 1539
3384 4144
3385 444
3385 4522
3385 3660
3385 949
3386 1954
3386 3353
3386 876
3386 904
3387 2649
3389 3176
3389 602
3389 1243
3390 711
3391 1370
3391 372
3391 4929
3391 3361
3391 1851
3393 3073
3393 3876
3395 4715
3395 1225
3395 380
3396 2705
3396 3131
3397 1978
3398 2363
3398 1290
3399 4505
3400 1376
3400 4396
3401 970
3402 1161
3404 3966
3404 3636
3404 3624
3404 1325
3405 4060
3405 53
3406 510
3406 4499
3406 3735
3406 3232
3406 3388
3407 4448
3407 4044
3408 478
3409 3899
3409 2438
3410 3344
3410 3243
3412 1534
3412 4781
3412 4565
3412 2561
3412 987
3414 4955
3414 3639
3415 1334
3415 2206
3416 2016
3417 1263
3418 3772
3418 2263
3418 543
3419 4373
3420 1242
3421 1716
3422 362
3422 3773
3422 1384
3424 2023
3424 4415
3425 2033
3425 3271
3425 3426
3426 4453
3426 4885
3426 1402
3426 1477
3429 4386
3429 4500
3430 37
3430 2756
3432 4409
3432 1628
3432 4290
3433 4811
3433 3487
3434 4781
3434 128
3434 1412
3436 1805
3436 2916
3437 921
3437 978
3438 1225
3438 1257
3438 4298
3438 1069
3439 3716
3439 3744
3439 1405
3441 4015
3441 3636
3441 4361
3441 527
3442 4473
3442 761
3442 2088
3443 3067
3443 889
3444 3105
3445 1735
3447 4932
3448 4309
3448 2891
3448 3488
3449 2455
3449 4137
3450 2184
3450 976
3450 3903
3450 2575
3452 3895
3452 644
3453 2066
3453 4092
3454 1366
3454 1869
3454 228
3454 2318
3455 4682
3455 398
3455 4316
3455 3225
3456 260
3456 2928
3457 303
3457 3070
3458 1962
3459 1082
3459 2902
3459 2578
3460 3878
3460 1008
3460 506
3461 3016
3461 1588
3461 3282
3462 4059
3463 4139
3464 2270
3464 1785
3464 2210
3465 739
3465 0
3466 3088
3466 2525
3467 910
3467 1678
3467 1375
3468 4165
3469 3367
3469 2266
3469 3295
3469 4625
3469 2992
3470 2822
3470 3721
3470 1284
3471 3890
3471 609
3471 4885
3471 4229
3472 3393
3472 3942
3472 4690
3472 1542
3472 2941
3473 1656
3474 4357
3475 1595
3477 646
3477 3335
3477 4598
3478 4890
3479 4952
3480 915
3480 1213
3480 2057
3480 1410
3481 3089
3481 2118
3482 1792
3482 4197
3484 1173
3484 3864
3484 4614
3485 4508
3486 820
3487 4350
3487 3375
3487 634
3487 2764
3488 2210
3489 949
3489 761
3489 4792
3489 804
3489 3518
3490 3695
3490 3925
3491 2763
3491 4787
3491 3664
3491 4839
3492 144
3493 3210
3493 1671
3495 4488
3495 1415
3496 2560
3496 4501
3497 4481
3498 852
3498 1718
3498 424
3498 423
3498 2858
3498 2678
3499 4553
3499 3157
3499 360
3500 3246
3502 467
3502 3132
3503 4594
3503 4221
3503 3028
3504 1657
3504 4264
3505 1546
3505 2736
3507 829
3507 3918
3509 4780
3509 3035
3510 1995
3510 1016
3510 4035
3511 1111
3511 4345
3511 3566
3511 3299
3514 3910
3514 998
3515 4595
3516 4697
3516 747
3516 209
3517 2576
3517 2228
3517 3304
3518 2003
3518 652
3519 4891
3520 1044
3520 913
3520 1971
3520 1728
3521 3311
3522 4988
3523 3699
3523 2649
3523 2317
3523 3878
3523 654
3523 1926
3525 2885
3526 4252
3527 1439
3527 4935
3527 2649
3528 1192
3528 1101
3529 4030
3529 327
3529 4160
3529 1752
3530 3676
3530 2268
3531 2902
3531 4362
3532 1789
3533 1351
3533 1692
3533 3032
3533 4075
3534 196
3535 3402
3536 2456
3537 791
3537 2233
3537 210
3537 1260
3538 2373
3539 2640
3539 3750
3540 3120
3540 1261
3541 2540
3541 1198
3541 4040
3542 175
3542 3454
3542 3815
3545 4793
3545 3564
3546 1161
3546 1909
3547 2591
3548 4900
3550 1276
3550 3654
3550 953
3550 639
3551 894
3552 1096
3553 535
3554 3019
3554 2841
3555 503
3555 4329
3556 2658
3556 2463
3556 2796
3556 2179
3556 22
3557 551
3557 2653
3557 4918
3558 1415
3559 950
3559 1068
3560 2260
3560 2059
3561 1295
3562 239
3563 2249
3563 4288
3564 3716
3565 4465
3565 2603
3565 4748
3566 4646
3566 3360
3566 2852
3566 760
3567 1205
3568 4853
3568 3325
3569 4824
3569 1351
3569 1854
3570 3978
3570 4028
3570 1187
3570 4203
3570 3125
3570 2641
3570 1126
3571 3038
3572 4199
3573 153
3573 4532
3574 4966
3575 950
3575 4143
3576 474
3577 1112
3577 4292
3578 2905
3578 1219
3579 3276
3579 2251
3579 1499
3581 262
3581 3169
3582 648
3583 3224
3584 931
3585 94
3586 658
3587 1552
3587 966
3587 4072
3588 4239
3588 4281
3588 1169
3588 4064
3589 4450
3589 3437
3589 1901
3589 1093
3591 2386
3591 67
3592 3599
3592 1479
3592 3938
3593 1580
3593 3686
3595 1919
3595 2899
3595 3502
3595 3395
3595 207
3596 961
3596 87
3596 4415
3596 985
3597 1009
3598 4013
3599 4293
3600 990
3600 2082
3601 879
3601 2167
3601 1008
3602 3167
3603 1356
3603 72
3603 2415
3604 435
3605 2876
3605 1370
3605 4010
3605 2244
3605 572
3606 3717
3606 3774
3607 1101
3607 1769
3608 2791
3608 568
3609 2933
3610 894
3610 1454
3611 3004
3612 4791
3613 963
3614 1111
3615 4475
3615 3462
3615 2233
3616 2920
3618 1731
3618 1915
3619 4519
3619 3622
3619 650
3619 3952
3620 448
3620 3483
3620 683
3621 422
3621 3392
3621 2957
3621 4890
3622 2278
3622 2480
3622 1807
3622 4968
3622 2289
3624 3182
3625 4135
3625 1192
3625 334
3625 1514
3626 2435
3626 1595
3626 4905
3627 4834
3628 2024
3628 1779
3629 3473
3629 2242
3629 2784
3630 1035
3630 2805
3632 1114
3632 364
3632 1166
3632 1651
3633 602
3633 2479
3634 1362
3634 415
3634 1981
3635 4145
3635 927
3636 629
3636 1708
3636 95
3637 363
3638 2334
3638 4694
3638 2573
3638 3625
3639 693
3639 1913
3640 566
3640 183
3641 76
3641 349
3642 1934
3643 4855
3644 1106
3644 1145
3644 4267
3644 795
3645 3358
3645 3124
3646 719
3646 3009
3646 248
3646 2287
3647 1443
3647 3751
3647 3973
3648 2938
3648 3474
3649 455
3649 715
3649 3179
3649 4942
3650 4875
3651 365
3651 808
3652 1303
3653 2879
3653 391
3653 98
3654 1454
3654 1898
3654 1748
3654 120
3655 1757
3655 2365
3655 1680
3655 947
3657 4897
3658 4412
3658 93
3658 3029
3658 4642
3659 3919
3660 3592
3660 4944
3661 642
3662 3031
3662 1182
3663 1602
3663 2665
3664 162
3665 3252
3665 1589
3666 3198
3668 879
3669 953
3669 1622
3670 721
3671 141
3672 3573
3672 1649
3673 4422
3673 4579
3674 43
3674 1303
3674 1200
3676 1453
3676 3129
3677 4624
3677 1916
3677 2590
3677 3132
3677 3431
3677 3349
3677 3546
3678 1416
3678 1220
3678 1144
3678 3613
3679 4827
3679 4968
3680 4205
3680 4738
3680 4316
3680 3265
3681 2422
3681 2973
3682 4794
3682 3093
3682 3191
3682 1848
3683 1946
3684 4683
3684 3039
3684 2152
3684 3569
3684 2523
3684 4414
3685 2741
3685 694
3685 4836
3686 3816
3687 2576
3687 2153
3688 4112
3690 3746
3690 1029
3691 2689
3691 4645
3692 1473
3693 204
3693 1319
3694 2034
3695 2863
3695 3313
3696 603
3698 991
3698 3828
3698 147
3698 3019
3699 236
3700 2403
3700 1678
3701 4470
3702 4127
3702 308
3702 618
3703 1414
3703 2240
3703 1759
3704 179
3705 2767
3705 3636
3705 2460
3706 2612
3706 3983
3706 4206
3707 934
3707 839
3707 4019
3707 974
3708 2227
3708 2883
3709 1092
3710 832
3711 2661
3711 2090
3712 2152
3713 224
3713 2332
3714 1080
3714 4987
3714 4201
3715 3107
3716 26
3716 4141
3716 2933
3717 2219
3717 3359
3718 16
3718 335
3719 2206
3719 4237
3719 1261
3719 4323
3720 4394
3722 4450
3722 2719
3722 1258
3723 313
3723 4041
3724 738
3724 885
3724 470
3725 750
3725 2569
3726 3799
3726 1434
3727 1458
3727 3685
3727 4642
3727 3562
3728 4184
3729 1161
3730 2636
3730 1694
3730 3709
3730 3877
3730 4127
3730 2469
3732 2542
3732 595
3734 1362
3734 2578
3735 2260
3735 1449
3737 1967
3737 734
3738 2840
3738 790
3739 5
3739 2226
3739 4862
3739 364
3740 4620
3740 4662
3741 65
3741 4867
3742 4619
3742 347
3742 2246
3743 125
3743 4918
3744 1561
3744 908
3744 984
3745 1972
3745 1521
3745 3421
3748 1340
3749 4038
3749 1059
3749 1641
3750 876
3750 1413
3750 1499
3750 3172
3752 255
3752 2623
3752 1999
3753 101
3753 702
3754 4395
3755 695
3755 332
3756 2711
3758 4228
3758 3509
3758 111
3758 4294
3759 2107
3759 2256
3760 2064
3760 4402
3762 4672
3763 4392
3763 3175
3764 4993
3765 2375
3765 294
3765 2807
3766 637
3767 3361
3768 2585
3768 2908
3769 2964
3769 3318
3769 3790
3770 3930
3770 445
3770 3007
3770 2842
3770 544
3771 2691
3771 1180
3773 6
3773 4862
3774 4807
3774 982
3774 2710
3774 4332
3774 4428
3775 1378
3775 769
3775 3460
3775 3685
3775 1532
3775 501
3777 3761
3778 4502
3779 2790
3779 558
3779 3956
3779 4054
3780 962
3781 1717
3781 2657
3782 1488
3782 2308
3782 2329
3783 3122
3784 334
3784 1877
3785 1899
3785 834
3785 4652
3785 4839
3786 3108
3786 572
3787 2524
3787 4965
3788 3391
3788 2013
3789 2046
3790 4754
3790 2286
3790 141
3790 4936
3790 4765
3791 1470
3791 4243
3791 1725
3792 4460
3792 2665
3793 472
3793 4821
3793 4039
3794 2250
3794 4835
3796 1213
3796 1988
3796 698
3796 691
3797 3700
3797 3256
3797 4986
3797 1299
3799 1186
3799 445
3800 3016
3800 3415
3801 3266
3802 1704
3802 3976
3803 2475
3803 410
3803 11
3803 3971
3804 1671
3804 3704
3805 411
3805 2797
3806 3920
3806 4656
3806 2369
3807 4531
3807 2612
3808 966
3808 4234
3808 745
3809 2099
3809 2157
3810 2312
3810 3043
3810 3166
3811 2356
3811 4184
3812 3854
3812 334
3813 3756
3814 4651
3814 4248
3815 3696
3816 3837
3817 807
3817 2572
3817 1654
3819 4371
3820 1230
3821 1003
3821 1746
3821 3444
3821 303
3822 4059
3822 3692
3822 4257
3824 4085
3824 377
3824 1376
3825 443
3826 2551
3826 4061
3826 3378
3827 4428
3827 4462
3828 4519
3828 2194
3828 4913
3828 215
3828 1018
3830 3543
3831 4061
3833 3754
3833 2637
3834 2235
3835 3154
3836 616
3836 796
3837 2255
3837 3910
3837 4997
3838 2012
3839 4114
3839 4869
3840 3063
3840 3719
3840 1438
3841 330
3842 1277
3843 4383
3843 2359
3844 4061
3844 2816
3844 1603
3844 281
3845 3921
3846 2171
3846 2623
3846 2528
3846 1019
3846 2104
3847 3724
3848 1147
3848 434
3849 1192
3849 827
3850 3966
3851 3371
3851 1240
3851 3156
3851 677
3852 2131
3852 1789
3854 4251
3854 549
3854 4061
3855 1822
3855 2340
3855 531
3855 3238
3856 1048
3856 413
3856 4504
3857 4403
3858 4793
3858 2154
3859 186
3859 3382
3860 375
3860 1454
3861 3945
3861 2810
3861 3084
3862 160
3863 3309
3864 2981
3864 4337
3865 1100
3865 1607
3866 2487
3867 259
3868 1593
3869 4296
3869 3082
3870 4461
3871 1017
3872 3706
3873 3187
3874 3123
3874 1762
3874 1269
3875 2976
3876 1390
3876 4534
3876 4492
3876 2760
3876 277
3877 957
3877 767
3878 1714
3878 4469
3878 4049
3879 937
3879 1952
3879 4287
3880 201
3880 274
3880 3097
3880 4083
3881 2198
3881 1471
3881 4777
3881 80
3881 4876
3882 2840
3882 2374
3882 3456
3882 1094
3882 2544
3884 1654
3884 3149
3885 2623
3886 1254
3886 1914
3886 643
3887 4807
3887 291
3887 3418
3888 3686
3888 3002
3889 4691
3889 1300
3889 3918
3890 4598
3890 1139
3890 2065
3891 2773
3892 2200
3892 4218
3893 4884
3893 3012
3895 2220
3895 2
3896 3911
3896 4568
3896 3804
3897 4385
3898 4605
3898 4296
3899 1617
3900 4020
3900 822
3900 3935
3900 2298
3901 3672
3901 2468
3901 4362
3901 1008
3901 4349
3902 2199
3903 788
3903 35
3904 1098
3904 1211
3905 4119
3905 2352
3906 3199
3907 1395
3908 1904
3908 2454
3908 409
3909 3803
3910 1305
3911 2650
3912 2460
3912 2485
3912 1605
3913 580
3913 282
3913 2959
3914 3974
3914 547
3915 55
3916 3572
3917 563
3918 4304
3918 4429
3918 1093
3918 1767
3918 953
3918 500
3919 4752
3920 1295
3921 3778
3921 1002
3921 1754
3921 2878
3922 3924
3922 895
3923 1987
3923 328
3924 2573
3925 1254
3925 1660
3926 2177
3926 3232
3926 1890
3927 1711
3927 4735
3928 2852
3928 2242
3928 1239
3929 4078
3929 518
3930 2857
3931 3791
3931 3538
3931 169
3932 3803
3933 2371
3933 4594
3935 1396
3935 1806
3936 3040
3937 285
3938 3963
3938 804
3939 589
3939 1312
3941 1189
3941 4694
3941 543
3942 2447
3943 1751
3943 3642
3945 3895
3945 1632
3945 3566
3946 522
3947 2417
3947 440
3948 162
3949 992
3949 553
3949 4429
3949 427
3949 3983
3950 1837
3950 1067
3952 3868
3953 541
3954 856
3954 253
3955 1057
3955 4104
3956 4164
3957 2404
3958 3996
3959 4053
3959 2229
3959 1457
3960 3808
3960 4289
3960 4803
3961 1992
3962 2078
3962 4954
3962 4007
3964 4915
3965 4994
3966 1575
3966 630
3966 236
3966 3552
3967 2827
3967 3532
3968 445
3969 1959
3969 4189
3969 1532
3970 994
3970 4891
3970 2573
3972 346
3973 3931
3975 2815
3975 3584
3975 1385
3976 1569
3976 2872
3976 3975
3977 4686
3977 1793
3977 62
3978 4973
3980 163
3980 3150
3981 566
3982 4860
3984 393
3985 695
3985 1490
3985 625
3985 4598
3985 4029
3986 2457
3986 936
3986 3595
3987 359
3988 3949
3989 661
3989 2046
3991 2599
3991 1627
3992 4496
3993 247
3993 896
3993 3209
3993 711
3993 3550
3993 2327
3994 1737
3994 2724
3994 53
3996 3238
3996 1899
3996 4593
3998 2681
3998 925
3999 471
4000 1507
4000 4804
4002 2057
4002 4018
4002 219
4002 523
4002 544
4003 1370
4003 4469
4004 4866
4004 17
4004 2307
4005 2597
4005 156
4005 3217
4005 4969
4005 1326
4006 2170
4006 4506
4007 3184
4007 1773
4008 4073
4009 4323
4009 1164
4010 721
4010 2521
4010 4876
4010 1772
4011 1217
4011 2366
4011 2805
4011 4251
4012 4611
4012 4861
4013 4307
4013 3235
4013 4005
4014 2298
4014 2052
4015 3212
4016 4135
4016 1423
4016 223
4016 2677
4017 310
4017 4370
4017 195
4017 880
4018 345
4018 1477
4018 2048
4018 106
4018 1681
4019 1868
4019 4568
4020 3529
4021 1258
4021 3574
4022 4717
4022 179
4023 3584
4023 1424
4023 4278
4024 2978
4024 854
4025 3881
4025 3314
4025 258
4026 190
4026 2004
4026 58
4026 4825
4027 804
4027 2626
4027 573
4028 1389
4028 4643
4030 490
4030 888
4030 740
4031 826
4032 4441
4032 192
4033 1150
4033 4706
4033 3239
4035 951
4035 4485
4037 4679
4037 1832
4038 4166
4038 3009
4039 1195
4039 3102
4039 546
4042 3531
4043 1779
4043 4248
4043 597
4044 947
4045 385
4046 4084
4047 3800
4047 215
4048 970
4048 1622
4049 3273
4049 503
4049 4566
4049 4520
4053 2840
4053 3800
4054 4894
4054 334
4054 1042
4054 1813
4055 2387
4055 4361
4055 3725
4056 1398
4057 303
4057 1970
4057 4319
4057 1117
4057 154
4057 1693
4057 3609
4058 2361
4059 1043
4059 1184
4060 384
4062 3382
4064 4075
4064 1152
4064 243
4066 2840
4066 4257
4066 739
4066 4462
4066 4968
4066 4623
4068 523
4069 2315
4070 3235
4071 1946
4071 3224
4071 4328
4072 4413
4073 1260
4074 2421
4074 145
4074 2161
4075 1444
4075 2597
4075 1671
4076 4084
4076 1582
4076 2352
4077 1627
4077 4034
4079 713
4079 1644
4080 1939
4080 219
4080 772
4081 4216
4081 2526
4083 3662
4085 3472
4085 2429
4086 3375
4086 3468
4086 3762
4087 770
4087 1205
4087 276
4087 1725
4088 2281
4088 3735
4089 1744
4089 3023
4090 4510
4090 1140
4091 1190
4091 3902
4092 4643
4092 834
4092 3183
4093 4205
4093 4836
4094 4888
4094 3554
4094 2905
4094 3733
4094 2564
4094 761
4095 721
4095 2618
4096 1262
4097 910
4098 4577
4098 988
4098 4046
4099 1234
4099 981
4099 960
4099 4379
4100 2617
4101 3751
4101 1981
4101 3065
4101 4367
4101 4122
4101 3335
4102 2884
4104 3403
4105 4181
4106 2259
4107 1235
4107 4314
4107 13
4107 347
4108 3259
4108 374
4109 4229
4110 2232
4110 3863
4110 2205
4111 1138
4111 3185
4112 3063
4112 431
4112 4593
4112 1484
4112 1055
4113 4679
4113 1230
4113 1021
4114 3527
4114 4387
4115 2634
4115 4953
4115 1011
4116 4701
4117 1381
4117 152
4117 903
4118 2781
4119 453
4119 869
4121 2410
4121 4093
4122 1313
4122 3905
4123 1811
4123 4761
4123 659
4124 4812
4124 855
4124 4144
4125 827
4126 4037
4126 4774
4127 2369
4127 179
4127 1655
4130 3689
4130 275
4130 2679
4132 3154
4132 2670
4132 865
4132 3402
4132 465
4132 4789
4133 3120
4134 2764
4136 4671
4136 2240
4136 4068
4137 3251
4137 1402
4138 1305
4138 184
4139 4931
4139 4992
4140 4054
4140 1093
4141 629
4141 521
4142 3735
4142 626
4143 3635
4144 4082
4144 551
4147 872
4148 1188
4148 3403
4148 4985
4150 2346
4150 2003
4150 4737
4150 2338
4151 3607
4152 1824
4152 3062
4153 3149
4153 883
4154 4583
4154 3560
4155 3959
4156 607
4156 4158
4156 550
4156 1219
4156 3016
4157 1796
4157 2903
4157 1762
4157 3177
4157 3750
4158 4988
4158 1799
4158 1845
4158 51
4161 843
4161 3335
4163 4763
4163 3495
4163 250
4164 4606
4164 4292
4164 4971
4167 1836
4167 3650
4167 1117
4167 1383
4168 21
4168 2099
4169 2227
4170 1344
4170 4507
4172 3146
4173 3274
4173 3474
4173 1791
4174 4042
4174 4002
4174 3330
4175 4360
4175 1842
4175 1954
4175 1185
4176 1191
4179 2372
4180 352
4181 934
4181 3993
4181 3311
4182 4225
4183 3480
4184 3182
4184 434
4185 1596
4185 783
4185 3715
4186 1904
4186 634
4186 195
4188 1664
4188 4557
4188 1530
4188 1581
4189 947
4189 2073
4189 3995
4190 3065
4190 3604
4191 614
4191 3601
4191 2559
4192 3231
4192 1248
4192 3323
4195 1363
4195 4534
4196 2755
4196 3059
4197 932
4197 3342
4198 1166
4198 4712
4198 882
4198 2569
4199 321
4199 3843
4199 1222
4199 645
4200 4073
4200 4478
4202 514
4202 4878
4203 1310
4203 1909
4204 3403
4204 164
4204 2111
4204 4334
4205 881
4205 4841
4205 594
4206 401
4206 4859
4206 614
4206 1866
4207 1273
4210 296
4211 1949
4211 4416
4212 2324
4212 4315
4214 4544
4214 2763
4215 9
4215 2300
4216 2981
4216 4745
4217 787
4218 950
4218 4361
4221 4710
4221 3712
4221 1451
4221 1373
4222 2745
4222 3262
4222 4019
4222 2772
4223 1145
4223 2279
4225 376
4225 4808
4226 1021
4228 1087
4228 4725
4229 116
4230 3324
4230 1065
4231 3063
4231 996
4232 1565
4232 2060
4232 3321
4232 2227
4233 4681
4233 3324
4235 1165
4235 2564
4235 4797
4235 856
4237 1968
4238 2822
4239 3537
4241 3170
4241 4096
4244 2305
4245 1200
4248 1724
4248 1275
4248 4758
4249 1698
4249 4571
4249 4048
4249 1461
4249 713
4250 3803
4250 2880
4250 4790
4250 2253
4251 3234
4251 3134
4252 4285
4254 3743
4254 169
4254 4952
4255 3645
4256 2751
4256 850
4257 58
4257 4391
4258 745
4258 4299
4259 4032
4259 995
4259 4234
4260 2812
4260 1420
4261 1664
4261 1134
4262 3619
4262 4885
4262 3612
4263 4430
4264 558
4264 2549
4264 547
4265 185
4265 30
4267 3688
4267 1888
4267 848
4268 1389
4268 3956
4268 2346
4268 3041
4269 1707
4270 2791
4271 2470
4271 2240
4271 2634
4272 3092
4273 4681
4274 1604
4275 4754
4276 3446
4276 2596
4277 2421
4278 1643
4278 4811
4279 948
4280 965
4280 2640
4280 2480
4282 4995
4282 4131
4282 1338
4283 2031
4283 844
4283 1427
4284 4237
4284 3683
4284 2238
4285 3689
4285 3503
4285 2751
4285 2373
4286 546
4286 2118
4287 1116
4288 4661
4288 4129
4289 3220
4290 3873
4291 523
4291 107
4292 277
4292 4370
4293 2767
4293 4075
4293 1625
4293 1870
4294 3114
4294 4658
4294 840
4295 4046
4295 337
4295 573
4296 2611
4296 2160
4297 4888
4297 1719
4297 3991
4297 2178
4297 1970
4298 687
4300 3414
4301 2476
4301 2120
4301 3199
4301 384
4302 851
4302 2062
4302 4749
4302 3948
4303 2747
4303 4121
4304 3659
4304 2123
4306 3365
4306 3466
4306 4358
4307 2694
4307 1789
4309 4457
4309 4675
4309 1596
4310 3821
4311 3299
4312 765
4312 3915
4312 2289
4312 2511
4313 3620
4313 839
4314 1274
4315 356
4315 1124
4315 2191
4316 2526
4317 3389
4317 4077
4318 3646
4320 3429
4320 2453
4321 320
4322 1970
4322 4210
4323 2397
4323 458
4324 2318
4326 2963
4326 4064
4327 98
4328 493
4329 2357
4329 2569
4331 4837
4332 1043
4332 1777
4333 718
4334 2059
4334 4213
4334 103
4334 3585
4335 4021
4335 40
4336 2497
4336 3179
4337 3006
4338 4976
4338 2309
4338 534
4339 3389
4339 4980
4340 3514
4340 3910
4341 1098
4341 1498
4343 783
4343 4493
4345 3561
4345 2885
4345 1475
4345 3865
4346 2415
4346 4177
4347 640
4348 1366
4348 3200
4349 2816
4350 1289
4350 1848
4350 1561
4350 3893
4350 2387
4350 876
4351 4578
4351 1269
4352 2387
4352 2898
4353 4123
4354 721
4355 3141
4355 4326
4357 4365
4357 4273
4359 4519
4359 2039
4359 4034
4360 2614
4360 1392
4360 3356
4362 1885
4362 4392
4362 3212
4362 1352
4363 1030
4363 4719
4363 4110
4364 3776
4364 3553
4364 4235
4365 4647
4366 969
4366 1434
4366 2767
4367 2804
4367 2970
4368 60
4368 4878
4370 765
4370 643
4370 4971
4370 1258
4371 3113
4371 458
4371 1530
4372 2536
4372 4035
4374 1959
4374 2586
4374 3680
4375 194
4375 4524
4376 1359
4376 229
4376 143
4376 887
4377 4150
4377 4751
4377 146
4377 2826
4378 3258
4378 3165
4379 3897
4379 951
4379 3277
4380 398
4380 3797
4380 4405
4381 1936
4381 1590
4382 88
4382 774
4382 594
4383 305
4383 3808
4384 2198
4386 1316
4387 1555
4388 79
4388 3240
4388 399
4389 153
4390 2935
4390 1669
4391 134
4391 1689
4392 2712
4392 4302
4392 4662
4392 1494
4393 3675
4393 879
4394 3427
4394 4342
4396 66
4396 1227
4398 4864
4398 1531
4398 2745
4398 1975
4399 3304
4399 3486
4400 4485
4401 3219
4402 1419
4402 2740
4402 4778
4403 1111
4403 3471
4403 1514
4403 40
4403 1078
4403 766
4403 4125
4403 239
4404 2364
4404 1250
4405 3565
4405 4548
4406 3879
4406 4709
4406 3240
4406 1598
4407 1735
4408 664
4409 3773
4409 4182
4410 1614
4410 2039
4412 2221
4412 1563
4412 1496
4413 1379
4413 4030
4415 1016
4416 965
4416 3664
4416 1413
4417 1450
4417 1345
4417 1529
4418 4344
4418 442
4419 3088
4419 1887
4420 1860
4420 930
4420 3003
4421 4313
4421 1779
4421 3867
4421 163
4423 4045
4423 2566
4423 2994
4424 660
4424 2173
4424 1850
4425 2053
4425 2316
4425 1306
4427 366
4428 2717
4428 1176
4429 1193
4430 4994
4432 294
4432 23
4433 4997
4434 2225
4434 652
4434 2781
4435 3391
4435 1081
4435 3187
4435 1859
4435 580
4436 2837
4437 4955
4438 1377
4438 2365
4439 875
4440 340
4441 499
4441 2378
4441 481
4441 1079
4441 4143
4442 3340
4443 4712
4443 2772
4443 3488
4444 3784
4444 2640
4444 2869
4445 3816
4445 4478
4446 4014
4446 2189
4446 1420
4446 4529
4448 3878
4449 3005
4449 3851
4450 4633
4451 3090
4451 3940
4452 47
4452 2608
4453 645
4453 607
4454 754
4455 4522
4456 343
4456 3290
4459 4670
4459 3622
4459 1405
4460 3970
4460 1201
4461 2430
4465 1275
4467 2050
4469 295
4469 2372
4469 1473
4469 605
4471 1125
4471 1502
4471 3603
4472 3058
4472 3458
4473 4941
4473 1640
4473 2434
4473 4697
4474 4156
4474 4690
4475 2902
4476 41
4477 1294
4477 144
4477 589
4477 3414
4478 2132
4478 1641
4478 656
4478 132
4479 1525
4481 762
4481 2700
4482 4933
4482 714
4483 4734
4483 2070
4483 2278
4483 2636
4485 1479
4486 4140
4486 4276
4486 2676
4488 3
4488 3852
4489 3225
4489 3185
4489 4639
4490 4066
4490 3060
4490 3270
4490 3344
4492 2663
4493 2153
4494 561
4495 3956
4496 435
4496 1674
4496 4729
4499 1073
4499 2163
4500 2609
4500 1488
4501 3607
4502 4267
4503 1352
4503 4184
4503 2675
4504 2291
4505 3289
4505 2653
4506 220
4506 2659
4506 208
4507 2081
4507 4330
4508 802
4508 3117
4508 688
4508 4435
4509 3101
4509 531
4509 2068
4509 2422
4510 426
4510 694
4510 4780
4511 3924
4511 3220
4512 2248
4512 1688
4514 933
4515 1184
4515 1191
4516 1761
4516 2865
4516 257
4517 1262
4517 3449
4517 2411
4517 3922
4517 2572
4518 3121
4518 2203
4518 3908
4519 891
4519 4871
4520 2557
4521 614
4521 2273
4522 2634
4522 2671
4522 3686
4522 4814
4523 440
4523 975
4524 3846
4524 2437
4524 684
4525 1580
4526 1213
4526 3908
4526 322
4526 4296
4527 3899
4527 3839
4527 3696
4528 4873
4528 3794
4529 3435
4529 1455
4529 1302
4531 4510
4531 4572
4532 94
4532 1273
4532 2364
4532 4784
4532 520
4533 2393
4533 3022
4534 4518
4535 499
4535 4785
4536 4418
4537 1885
4537 3438
4538 4801
4539 166
4539 4037
4539 2113
4540 1697
4540 336
4540 762
4540 2382
4540 1634
4542 840
4542 322
4542 536
4544 1028
4544 3663
4545 1366
4546 2295
4546 2791
4546 4348
4546 486
4547 1158
4547 799
4547 3700
4548 1968
4551 1492
4552 3986
4553 83
4554 4506
4554 4705
4554 2523
4555 4103
4556 3011
4557 491
4557 3255
4557 4515
4557 1345
4557 4186
4558 2565
4558 1636
4558 4020
4559 1784
4560 215
4560 2482
4560 3562
4561 1319
4562 4544
4562 481
4562 1977
4563 2191
4563 484
4564 4498
4564 332
4565 3459
4565 2154
4566 2041
4566 2111
4566 3507
4567 3952
4567 1700
4567 4053
4568 1930
4569 2995
4569 2853
4571 3409
4571 2445
4571 3407
4572 3401
4572 1332
4572 291
4573 1483
4573 4251
4574 2845
4574 246
4575 1873
4575 1985
4575 4488
4576 592
4576 2657
4578 3085
4578 1777
4578 4002
4579 2414
4579 3025
4580 4545
4581 1622
4581 3796
4582 697
4583 336
4584 4211
4584 325
4584 4134
4586 3492
4586 3572
4586 4409
4587 1633
4588 4914
4589 4957
4590 1739
4590 2845
4591 2240
4591 3617
4591 2426
4592 3580
4593 176
4593 2691
4594 2662
4594 3974
4595 717
4595 2277
4596 1014
4596 4432
4596 143
4597 3185
4597 4294
4597 4121
4597 44
4598 4415
4599 4864
4599 954
4599 492
4600 2208
4601 2700
4601 964
4601 869
4601 695
4602 1837
4602 1309
4602 1197
4602 3947
4603 3579
4604 2225
4604 1552
4605 4964
4606 3935
4606 2647
4607 3380
4607 284
4607 2103
4607 3196
4607 134
4609 827
4609 478
4610 3639
4610 193
4611 4346
4612 819
4612 1542
4612 4917
4612 572
4612 4711
4613 3273
4613 4469
4613 892
4613 3566
4614 69
4614 3848
4615 3070
4615 1276
4616 269
4616 2971
4617 337
4617 1164
4617 2133
4617 4189
4618 4747
4618 3963
4619 1969
4619 4997
4619 4586
4620 1785
4620 2923
4621 4240
4622 504
4622 3190
4624 4758
4624 4772
4626 367
4627 1225
4628 1992
4628 2584
4628 3179
4629 1122
4629 3564
4630 4282
4630 3621
4631 4124
4631 3879
4631 4929
4632 852
4632 3944
4633 4057
4633 3572
4633 1330
4633 4657
4636 336
4636 401
4637 490
4637 2749
4637 1349
4638 498
4638 3792
4638 4997
4639 4635
4641 1904
4641 2713
4641 1507
4642 3187
4642 3777
4643 2985
4644 4075
4645 1891
4646 2577
4646 4385
4646 961
4646 877
4646 3411
4647 4969
4648 265
4648 2634
4648 3444
4649 263
4651 1582
4651 390
4651 3259
4652 1143
4652 2795
4653 4216
4653 375
4653 1574
4653 1306
4654 3958
4654 256
4654 705
4654 2090
4655 4250
4656 3447
4656 1594
4656 933
4658 782
4658 1725
4659 3999
4659 116
4660 3589
4660 4018
4660 3591
4660 4884
4662 1059
4662 3411
4662 640
4662 2149
4663 4021
4663 3865
4663 1586
4664 3748
4664 99
4665 3698
4666 2016
4667 2013
4667 2064
4668 4999
4670 3270
4670 673
4670 2142
4671 4602
4671 4274
4671 2446
4672 3609
4672 3197
4672 1838
4672 3187
4672 3880
4672 1530
4673 2537
4674 4682
4675 2370
4677 3183
4677 4961
4677 1266
4677 2911
4677 2724
4677 1428
4677 2180
4678 3232
4678 3493
4678 127
4678 3607
4679 3691
4680 1074
4680 1606
4680 1287
4680 643
4681 403
4681 3162
4681 2759
4683 4502
4683 2372
4683 174
4684 3137
4684 4133
4684 3132
4684 1891
4685 4864
4685 2530
4685 1489
4685 1941
4686 3412
4686 1555
4686 4111
4686 891
4687 3848
4687 3522
4688 3022
4688 1203
4688 4605
4689 1364
4689 3683
4690 2821
4690 4473
4691 4506
4691 4477
4691 3079
4691 4700
4692 3207
4692 422
4692 1146
4692 3012
4692 3446
4693 93
4693 4690
4695 1032
4695 4477
4696 4282
4697 4449
4698 4852
4699 41
4699 1204
4699 157
4699 1142
4701 1127
4701 3548
4701 2715
4701 3202
4701 3454
4701 2287
4702 2329
4702 1449
4703 1852
4703 1902
4703 4047
4705 4491
4705 2905
4707 1043
4707 30
4707 4153
4710 2349
4711 2898
4711 1689
4712 4134
4712 470
4712 2783
4713 1977
4713 1551
4714 33
4715 4851
4716 38
4716 4344
4717 1872
4717 4410
4718 733
4718 4920
4718 4153
4718 3563
4719 320
4720 3872
4720 1297
4720 781
4721 3006
4721 2587
4721 174
4721 4423
4723 4628
4723 4643
4723 3404
4724 1536
4725 433
4725 1250
4726 2876
4726 610
4727 4017
4728 1126
4728 836
4728 2185
4728 3323
4728 2712
4729 1575
4729 833
4730 2201
4730 1051
4730 3319
4731 1864
4731 2557
4731 3528
4731 4425
4731 4080
4732 2561
4733 3501
4733 1796
4733 3515
4734 4156
4734 3915
4735 4942
4735 4528
4736 1385
4736 114
4736 1140
4737 1322
4740 210
4740 4881
4741 2646
4742 4870
4742 3318
4742 2950
4742 1022
4742 1054
4744 3420
4745 1959
4746 1821
4746 847
4747 651
4747 2081
4748 2559
4749 2670
4749 2849
4749 4566
4750 2599
4751 4969
4751 1991
4752 4946
4752 1748
4753 583
4753 3944
4753 3291
4754 4195
4754 2049
4755 4712
4755 1469
4756 2174
4756 3991
4756 1107
4757 782
4759 825
4759 4434
4759 3469
4759 3261
4760 3936
4761 3284
4762 944
4764 3023
4764 4633
4764 3015
4765 3242
4766 2723
4767 20
4767 4863
4768 198
4769 3283
4769 3594
4770 4801
4770 1577
4771 3631
4773 66
4774 4674
4775 2851
4775 1356
4777 1172
4777 4004
4777 2481
4779 4312
4779 3658
4779 4067
4780 33
4780 4041
4781 199
4781 4433
4781 4813
4783 220
4783 299
4783 1922
4784 4005
4788 3121
4789 892
4790 1131
4791 1365
4793 4180
4793 617
4793 524
4794 661
4794 3159
4795 2077
4795 4476
4796 4236
4796 1932
4797 372
4797 1739
4797 1923
4797 4761
4797 4346
4799 664
4800 827
4800 1937
4801 3072
4801 2968
4801 874
4803 1769
4803 306
4803 1901
4804 4600
4804 541
4804 1184
4804 3722
4804 4019
4805 1160
4805 1141
4807 1960
4807 3357
4807 3000
4807 2645
4807 2576
4808 4750
4808 1181
4808 935
4808 190
4809 169
4809 4104
4809 2875
4810 1397
4811 553
4812 980
4812 4679
4812 3351
4813 4280
4813 1638
4813 2545
4814 637
4814 2778
4814 2373
4815 1490
4816 2872
4816 4773
4816 182
4816 3446
4817 2288
4818 4579
4818 1050
4818 3147
4818 3204
4818 2961
4819 583
4819 32
4819 3456
4819 2139
4820 1804
4820 4477
4821 3512
4821 4461
4821 3978
4822 2507
4822 3685
4823 1009
4823 3897
4823 4010
4823 4757
4823 2905
4824 1436
4824 368
4824 4332
4824 3737
4825 4719
4826 1815
4827 4130
4827 514
4827 204
4828 1516
4828 1761
4829 458
4829 4172
4830 4133
4830 2383
4830 3919
4831 1863
4831 4260
4833 1742
4834 2719
4834 3229
4834 2112
4834 4247
4835 2096
4835 1654
4835 1021
4836 868
4837 2938
4838 4376
4839 3954
4840 4895
4840 4597
4841 3531
4841 3094
4841 3573
4841 4482
4841 4875
4842 3553
4842 809
4843 1218
4844 1586
4845 4986
4846 1434
4846 231
4846 3878
4847 4041
4847 1238
4847 1220
4847 2460
4847 4797
4848 4623
4848 4756
4848 4651
4848 501
4850 1989
4851 3518
4851 4883
4852 1045
4852 2430
4853 2119
4854 1248
4855 3652
4856 1586
4856 1112
4857 1953
4857 3849
4858 3986
4858 2683
4858 1011
4858 3030
4860 343
4860 748
4861 3553
4863 893
4863 1852
4863 2324
4864 3849
4864 1601
4865 275
4865 581
4865 392
4865 198
4865 1295
4865 547
4866 3361
4866 2260
4866 2884
4867 1776
4867 47
4867 4689
4869 1115
4870 4409
4871 4264
4874 4662
4874 2112
4874 1806
4875 957
4875 553
4875 4400
4876 2460
4876 2693
4877 2599
4878 1262
4879 3249
4879 3303
4880 670
4880 3967
4881 3834
4881 1005
4881 3838
4883 2263
4883 2078
4884 695
4884 1474
4884 1718
4885 520
4885 1902
4886 4838
4887 3559
4887 3228
4888 2337
4889 3887
4889 416
4890 4899
4890 2545
4891 1626
4892 2099
4894 470
4895 2490
4895 4285
4895 4956
4895 2459
4897 2925
4898 2626
4898 3925
4898 705
4898 3314
4899 326
4899 3635
4899 2763
4900 372
4900 660
4900 2408
4901 4454
4901 3991
4902 4302
4902 3859
4904 4542
4904 3330
4904 2016
4905 2798
4906 2963
4906 4270
4907 2606
4907 2970
4907 1060
4907 4349
4907 3966
4908 3261
4909 4617
4909 2284
4909 4702
4910 4163
4910 997
4911 2690
4911 4674
4912 110
4912 3065
4912 3167
4912 1337
4913 319
4913 253
4913 3010
4914 3629
4914 3592
4914 2600
4914 3725
4914 3469
4915 1765
4916 3934
4917 3566
4918 991
4918 2559
4918 2131
4918 3847
4919 4965
4919 1922
4922 1243
4923 4915
4923 3375
4923 3093
4924 69
4924 3115
4925 4916
4925 1934
4927 4428
4927 3377
4928 4839
4928 4630
4929 1682
4930 3987
4930 985
4930 323
4931 4143
4931 4716
4932 3837
4932 4522
4932 4573
4934 1252
4934 2000
4935 4170
4935 4196
4936 3490
4937 879
4938 4052
4939 4629
4939 4979
4939 4260
4939 4911
4939 4559
4941 1645
4941 3313
4941 5
4942 1609
4942 2809
4943 4417
4943 1075
4943 1271
4944 2027
4945 2051
4945 4711
4945 4674
4945 580
4946 1430
4947 4057
4948 2124
4948 2713
4948 1866
4949 2495
4949 54
4949 1421
4950 853
4950 3983
4951 1675
4951 3487
4951 3518
4951 3378
4952 2678
4953 1133
4953 1064
4953 3044
4953 3265
4953 4917
4954 1725
4954 2022
4954 2271
4954 2935
4954 4393
4955 4939
4955 1343
4955 211
4956 3896
4956 4190
4956 632
4956 1078
4957 2765
4957 3023
4957 1887
4958 2679
4958 4076
4959 3524
4959 3239
4959 3731
4959 1752
4959 1524
4960 788
4960 2132
4960 539
4961 1087
4961 389
4962 3060
4962 285
4963 4974
4963 1477
4964 1712
4965 3258
4965 869
4965 498
4965 4335
4966 4883
4966 1754
4967 4069
4967 1840
4968 708
4968 3587
4969 3466
4969 4633
4969 1173
4970 3969
4970 1805
4971 4174
4971 4088
4972 823
4972 2951
4973 2886
4973 1598
4975 3556
4975 3675
4977 3589
4977 2334
4977 3723
4979 1538
4979 612
4979 2370
4980 3116
4980 4042
4981 1598
4981 3125
4981 3107
4982 2842
4983 1215
4983 2502
4984 1971
4985 4792
4985 1459
4985 979
4986 3426
4986 4286
4986 2754
4986 943
4987 4323
4987 2592
4987 4111
4988 2190
4988 3875
4988 1636
4988 2033
4988 3008
4989 2315
4989 309
4989 1732
4990 346
4990 2177
4991 3773
4992 3133
4992 1941
4993 1722
4995 3145
4995 2832
4995 3082
4997 724
4997 504
4998 1287
4999 3507
4999 1344
