2958 16741.0
2959 3351.0
2953 128988.69054357382
2963 6701.0
2960 0.0
1494 8434.517122664227
1573 52005.54873981996
1481 4634.888576187388
1493 10724.43269426192
1497 22522.156203135204
1547 89919.60028418389
1590 31106.316471796526
1603 65545.75854394902
1618 9109.889259614132
1589 25790.770545876276
1604 52177.14392222339
1622 5721.177023178797
1970 44241.39196137169
2634 9610.332305950536
2635 3668.6950012847865
2636 7298.54223642804
2633 13402.52706109131
2637 0.0
2640 7989.870800055351
1984 20324.778526806313
1985 2183.435469900495
1755 103542.64897057104
1997 28046.980214005274
1453 3063.3728686808795
1454 4842.504912831574
1450 31761.978299832313
1447 8873.336999588373
1456 34042.03514888011
1455 166929.18581509386
707 33573.72921088824
1451 34179.87857182952
697 7940.003983957327
698 3351.0
688 11283.450170582704
699 5548.975153455101
700 0.0
1452 0.0
1439 5607.046164736517
1446 175416.8802732211
2036 17297.60666810189
2034 3680.55271070001
2033 35754.70407388658
2062 20787.869310645947
2035 0.0
2053 48594.159197060886
564 6157.798149825652
566 5087.283908667181
562 16175.453757289126
565 0.0
541 12072.424691962307
660 12359.824827933442
704 51106.01459517007
1437 2426.549709538779
1444 5611.704947742918
360 6789.140908789305
361 3351.0
358 13655.576433339635
359 4040.5815580893254
362 0.0
356 5647.984085816466
363 90969.7188130394
1480 9045.834148081914
1479 10826.187194656657
2833 180014.80132161235
2814 251424.61456617012
2834 43068.120611849554
2621 243240.11312796432
2811 119543.66893487923
2846 118602.51730907151
1436 3440.7565816799784
705 43228.57613764087
1434 6991.140445148031
1438 1489.622960566084
1571 23007.437327623476
1566 32265.322628113154
1564 13795.840889871128
1568 24625.838164010107
1572 41222.10985092231
1565 42169.578161273086
1570 0.0
1567 92068.18901085861
1569 99409.25397346086
2884 101643.10948003679
2858 104463.2775223266
2851 5088.83710004515
2878 104849.46130841438
2885 3351.0
2853 208693.28610921072
1467 5054.0489229038985
1470 1919.2978371964139
1469 0.0
1465 51059.43893196594
1476 3359.576450287796
1993 4316.076472402102
1994 4864.852450320369
1986 36447.38731483292
1992 13632.378762493283
2058 3876.275089432396
2059 9037.617161114713
2056 2458.656642140794
2412 13116.668220201991
2060 7372.603185879559
2414 3484.9492381729224
2420 10486.493049051798
2434 20970.035878812
2436 41384.58775535423
2435 0.0
2418 18812.656356790765
2424 4816.138469755565
2365 454452.00650086196
2432 42801.242867924455
2440 100007.1152003675
2492 16030.278205663022
2395 253995.63026205744
2438 91696.13790413944
2401 6960.479417186555
2494 6864.516421147106
1560 2854.217224513341
1598 44210.57921630132
162 18527.07664548138
163 27964.51616481672
160 24857.834547650156
167 18364.29537059226
176 10049.0
166 62417.14043095525
553 25744.052547392446
557 22069.597139978665
556 2792.749858548244
551 59899.46678632
558 9721.586174458509
536 3646.2379950859568
555 1444.6562062260548
1466 54313.79401506028
1463 68263.17401883981
1473 74228.9507768968
351 20988.66264680515
367 3313.669875081035
365 25611.171444686588
349 269074.21462383406
368 264547.5453826994
369 1946.0205416681872
352 322516.34894066374
543 102726.95855353467
371 252059.26617113585
2050 24768.352852118696
2051 25500.058217400216
2032 84725.22382819415
2048 3351.0
2052 166000.8000684317
1435 5525.038489066865
1433 37308.946551960405
1432 58935.08740302003
1441 0.0
1440 10206.071172893853
1563 57730.29029415247
1599 215187.30121667153
1562 57746.450148992015
1558 88788.38261693026
1967 280439.7720136295
1983 96378.4568373189
1981 29925.845100305545
1969 251226.44966767446
1980 192624.5469240869
695 5298.88533796389
1556 39404.63443548838
2423 7607.275900828448
2417 2957.8386677744966
2422 5028.151723141275
1936 144133.19502283976
1963 245455.66763447577
2055 3156.6575198139417
2809 3351.0
2810 0.0
2812 124255.39026282284
2620 333767.18844395207
2622 51346.60407607558
2619 201166.3152520371
2631 140377.38017022196
2590 4862.691249553528
2592 11253.779305077087
2591 0.0
2593 12009.445079924968
2588 12655.185228121454
694 9978.409780547896
693 1629.2035725003855
692 7096.184897403564
696 0.0
1431 5014.402985739457
2396 18307.62129463438
2364 630972.6202310983
2386 358926.3838557341
2397 3690.0366753263793
2398 13120.07679416744
1596 54291.210457659596
1597 48995.43369580909
1602 79544.2914349848
1600 3351.0
656 18161.43499392465
592 26714.229969207234
657 3351.0
658 15368.086067886317
540 8479.716865719512
590 49319.68234637346
2632 13828.778403372866
2506 61498.84399432759
2589 0.0
2580 65773.37544858857
1794 27544.244721811905
1795 16475.543516297825
1748 33961.735072365744
1796 14279.469277923637
1991 19982.941733990803
1801 6906.128630947916
2877 6273.630778741187
2831 12009.231864048506
2879 109476.69351095842
2876 105998.16731715272
2883 14089.447953965233
1813 16080.02584323252
1814 26473.007458440334
1808 15571.445479428716
653 8994.533569869413
654 3048.471049155392
650 29716.102068468594
655 21746.04640793629
2618 255773.58862996518
2579 234350.41660874785
2613 23024.155851283194
1228 342035.7206728758
1227 48350.76103659269
648 473498.2331324381
1229 319883.3010256534
1225 37880.25056331578
1236 25038.97321183617
1738 37642.73785023249
1739 4407.543272191336
1747 0.0
164 27801.402219702893
168 0.0
169 76617.89811274434
171 151324.94765580498
1799 12180.682498073285
1800 17399.17820811788
1797 8623.863337684204
1791 18777.041410764872
1804 12718.051919496424
539 7666.537381593033
538 12258.235631155998
542 3373.166666666667
1751 8588.811078447696
1752 8428.669352871913
1753 17147.378610719243
1749 2864.595230824063
1786 8933.08595482834
1370 2385.630022714795
1375 5616.0575014682845
1372 2078.8447165363705
1376 0.0
1377 72474.6829706031
1230 13564.156419539799
1232 36242.34689570162
1233 10686.735211827388
1226 20251.84487883017
1275 34713.18955911633
1235 19287.67110159246
1926 8373.0207475506
1927 11763.1197090232
1923 5629.839975003062
1924 5313.3180235167165
1932 36447.850441026676
1231 14740.502721576222
585 6542.571945311253
587 0.0
2577 284723.0234303557
2394 216028.19111073064
2578 37515.36918393082
1785 26269.028711257728
1784 28928.44265521482
1792 9115.85837462649
528 30637.932885736744
529 26204.724319372846
523 15805.26917703927
547 90522.25838166228
530 19486.69878985952
1742 63193.128309916996
1787 30640.585712355925
1810 8644.317486822632
1925 9639.217634851766
1920 34604.51406866463
1922 26360.462724467703
1917 56788.46196599619
2829 3351.0000000000005
2828 11657.098631652136
2830 0.0
2827 15317.16124474933
1806 25027.864970881612
2614 10143.229556170034
2586 15039.688468753688
2616 5783.684128136845
1805 24803.427306341815
1802 7039.443278720636
1807 4494.5861504173145
1788 13856.426843852269
1757 47959.62258271743
1790 5482.687407969298
2583 0.0
2582 36650.97488328817
638 33710.78101801838
635 10397.813130916009
637 24633.30092259909
639 34309.557182871315
633 14942.128592331179
641 8122.741384025776
584 8612.977016742152
534 7479.254439336513
586 10527.450551247117
1381 30128.694726853893
1382 31627.048232808425
1383 76760.61993006883
1401 19732.30867001283
1426 52095.42047212667
1918 66878.62852408478
1919 27883.650453343304
1929 0.0
1930 93259.70962800233
634 0.0
636 35198.71643271991
1425 34057.02666032019
1418 11872.276331372055
1735 65281.990387031285
1417 7290.062282831926
642 2029.703574991314
632 30014.931028991108
631 50073.28437853151
649 12749.501323369754
2393 352358.7084057073
2391 144278.32068847134
2406 13751.777169627432
2389 73579.065837148
2385 220706.3167453509
2617 0.0
2615 11343.17753401821
1780 11713.408157988812
1781 14180.819751868561
1774 29714.700564986226
1779 6784.141557330105
1901 13844.601580761082
1898 7677.631291295896
1916 18845.49659322678
1946 23865.9495340256
1948 10786.536012430677
1949 4196.174880350923
1943 6020.763199515436
1950 19566.034961819754
1956 24740.466504457723
1955 0.0
1954 5443.5075472473045
1259 3287.107100372478
1260 13246.190497533793
1261 91987.49322667111
1256 44657.46930722612
1354 11226.360968494933
2625 124299.68499195247
2626 4390.427229074464
2623 134910.54905449724
2629 0.0
2630 16240.612092672476
1772 44210.635923267146
1778 24695.01629051187
1721 31635.132617885964
1722 60064.20411865038
1718 31517.007653037235
1723 3411.609837490397
1736 79739.85472919146
2584 3924.7032209092413
2585 0.0
2587 23799.86595699372
1719 61007.806077258254
1717 24365.66042709592
1947 13790.602078800224
1931 15890.742163837489
1942 8592.691301115436
1206 150133.80021415823
1218 277058.7722509596
1195 84605.23865514077
1205 179881.503795402
1217 264553.38906477246
1237 101136.65337205562
1773 63945.950925441895
1771 24481.275122029907
1775 32210.13627982544
1941 28354.2703093497
1416 14545.587261382736
1400 3088.395820776476
1413 51425.570114154376
1758 45595.87597181122
1769 35633.46639868847
1915 10964.644512142837
1900 8992.22523603028
192 8409.425256460969
193 3351.0
190 11966.502306860515
336 21735.773572249655
194 0.0
1895 14951.081686524107
1728 9257.655777155755
1731 22459.667738584798
1729 6250.430073607613
2624 20380.42006514165
2603 11011.143674444531
2610 106562.9709863475
2628 21725.93958985359
518 8401.498889104905
519 17283.762947417876
516 3351.0
353 61779.538119430195
520 31820.659299840427
1938 32428.021861472127
1944 6971.495943196099
2815 12219.581740665173
2816 127619.65442978899
2796 11043.611973479194
2804 19518.748600309773
2813 122774.97134523212
2818 133437.0857606337
2872 131426.154847132
2832 10186.019242741011
2825 76482.14899507134
2871 62362.513605301065
189 0.0
191 13258.278514155401
1350 17245.07170232135
1351 34521.29594296574
1249 58562.25015101822
1255 4518.439038916912
1352 13620.20355144685
1353 34270.34372799569
2802 150641.38497895998
1408 36330.74055712681
1409 0.0
1414 27971.76331166173
1397 11995.465884780042
2946 24857.52306893379
2947 154977.77691458378
2928 22647.883392052554
2948 14306.292332334619
2915 161834.42482506053
2924 21422.08394700853
2794 14831.566205743837
2795 0.0
2797 20417.82198241218
2800 23663.7720533711
1768 34237.584928208285
1767 54441.279065079456
1764 8261.871190980095
1889 14783.28275570558
1712 57257.787366983335
1765 6264.732737370229
1763 804.9834429929629
1766 0.0
1761 9547.420475016886
1890 11230.802998026938
1891 10431.490140958724
1770 7743.038221427152
1762 7773.33747203935
643 22152.09377795464
644 22565.159983539408
615 89520.09116956167
645 3351.0
646 2444.1986180801064
1904 3902.9170397845264
1902 18116.297708828177
1244 34776.33627990169
1248 22508.85959286921
1247 3468.944940067225
1246 22543.19086687275
1756 27815.1667828565
1760 15430.052983966827
1403 21430.51031519841
1404 7684.618716992341
1405 25584.970569560635
1243 25366.15845527399
1939 38277.303685890976
1940 23710.790302994385
1883 108661.87486648138
1903 14076.207121498797
1905 37060.205420209284
1841 26900.800975141665
1909 43269.92333137254
1893 29869.80035824244
1725 81071.48408844855
1726 23539.797865918823
1724 85341.62894733644
1754 0.0
2826 88954.69257417282
2822 75773.86665244584
2791 40001.787885684455
1245 7639.423762893448
1242 8467.471733664685
1305 21994.545154753923
2569 10229.235979191617
2570 6936.166404254228
2563 30122.133303888233
2568 3658.1870704054463
2571 10656.554163785451
1840 41303.60940663594
1870 62189.495852153465
1240 3351.0
2559 403.31192935990646
2560 3911.9748044132784
2552 2750.864871375515
2561 2593.6590221951
2562 0.0
2564 18555.910857723695
1241 0.0
1833 82292.84714512517
1842 21748.586020409926
1674 3351.0
1676 68104.41763443858
1675 0.0
1411 32442.515297110138
1702 55509.12422911855
2566 4248.769664664116
2567 0.0
2602 9446.456232153454
1873 52587.05447452387
1872 7266.410789576617
1835 63162.161913307384
1868 4461.214361655766
1878 5392.1042081234955
1837 38474.52080994682
1832 18436.538130087363
1210 66850.1022318087
1209 22669.092904130757
1208 56667.01227895985
1239 161003.9332031395
1207 28026.209821810793
1879 29414.782658285912
1884 28848.392946709548
1885 63722.80853052386
1877 5055.9334008812275
444 42014.24845360843
443 34707.04338200038
418 21185.737509146944
447 34588.50662257736
427 52684.95820464047
452 40968.25873181896
453 41476.11934395075
446 7205.486439888634
441 3351.0
455 13591.770790689854
442 0.0
448 35045.08901781222
430 3668.752269137561
422 5911.005787704232
392 5278.984150951052
456 23204.44752941254
421 4610.642166959528
393 221.97128384354457
394 33522.76755251653
420 4524.242535883768
429 2233.127608534665
411 26441.903478556058
457 49138.54267035142
458 30878.382132959978
473 72469.26275550986
459 34741.366776341994
460 3351.0
410 10273.152878165294
465 46743.428706938
408 3351.0
461 0.0
464 8127.583767125991
462 3351.0
428 582.7582427415739
463 0.0
414 49154.24950622069
469 17093.0587479916
402 17224.28308983883
415 58037.93230321594
468 14042.667876642172
470 3351.0
471 0.0
466 3351.0
467 0.0
571 18757.101918791028
572 13228.505698968442
601 42830.060029345426
451 30647.593283082082
449 13503.144427224379
472 20345.7590526617
450 0.0
477 23953.363715308493
474 0.0
475 52720.40536178444
491 33454.7721086964
476 14925.335344998315
479 61741.851907772085
489 3402.659196188778
492 31005.104921908816
496 19296.71028780592
478 0.0
837 16796.826424127994
838 0.0
843 53911.84567054688
480 14367.821490245713
484 48893.08094490568
497 22843.224238271847
495 11583.537732097813
481 7364.9295934
486 5869.593567580955
482 3352.0
931 66447.96096452186
934 14872.332293612106
485 3943.2021437359203
487 4238.9718541730945
500 13230.867524275462
483 0.0
488 1477.6740205547278
950 6179.355722303138
937 4992.065651744755
938 0.0
939 2501.6408528596317
951 14318.433363370008
952 3212.3475819026994
493 32077.196332625084
490 0.0
499 46625.305923567175
498 0.0
494 0.0
605 48244.551027078116
502 23574.47933604009
508 75684.04865249364
501 31535.301081419606
503 19468.44495520709
953 21604.3706773435
506 3667.930604694276
504 2862.6596615073663
505 5429.761390021005
509 38525.469723230795
507 36920.313099749976
512 31916.135053473852
514 10743.378515020691
511 37491.13747560643
620 4488.3578451853355
958 51687.50657858616
959 2823.2634956407082
510 0.0
1179 20844.481212835395
513 3526.4865876136746
961 3279.1148509600225
962 22403.50977762211
960 17.198107448107454
515 399922.0341818704
335 413182.8665727469
407 398384.93954709213
348 456914.6267640159
334 172742.4918741253
517 0.0
350 296157.15113599907
521 3351.0
522 0.0
406 22589.52598895066
524 396359.6392754607
404 3351.0
403 66450.18680965666
575 102190.54061756589
582 310170.7585032509
527 24527.092190829553
525 3351.0
574 13232.547269259874
573 12945.955369552468
526 0.0
535 767.2193390403296
533 11943.611441557123
531 6172.078691523293
532 0.0
583 0.0
589 306249.0283794981
537 1739.9360080999809
546 31898.655744073836
374 16194.578826776018
550 29109.082204531504
544 3351.0
545 0.0
548 3351.0
559 47306.625140280266
549 0.0
370 235953.34319713403
373 250730.3417414485
552 3351.0
554 0.0
563 46468.918210883334
560 4449.629121627458
567 50517.30852313534
568 24272.23005361147
561 0.0
569 40312.56082221177
570 0.0
672 48458.21038017549
578 100728.4120114842
579 72535.84693647415
594 33614.47527126256
576 3351.0
577 0.0
580 10588.744467327464
602 71706.27661696616
614 9253.676433560786
581 730.5344929732763
613 88717.87607594873
593 26944.735288326247
588 39477.53282995153
591 24145.417581735834
600 20498.031358180637
598 3997.8029927506946
595 13620.507287166383
627 7144.709659059497
596 293301.5987491372
597 20972.438697078724
628 278164.5945355972
599 0.0
625 3894.393691109587
630 371364.84593685163
607 105911.0149499748
608 73795.82917547916
609 24234.602665347214
606 63453.27253694571
610 17928.099948284624
611 3417.917935973929
603 3351.0
612 0.0
604 0.0
616 26204.733653460746
617 25435.978693660723
618 2035.844164545703
619 1129.2094492925373
624 32568.296344395694
621 9198.730047816978
1191 27051.04815732118
622 6710.575507510263
1196 81782.46246435498
629 63531.84798652548
626 0.0
640 0.0
680 49755.72931231985
647 0.0
651 25162.02921029859
652 0.0
691 26926.992598180175
659 0.0
661 24206.95070853248
662 21597.94394202536
665 17933.71284332043
663 37216.37122673689
664 34551.11832659593
681 57422.32039237187
666 0.0
674 40584.64060454168
667 64805.05807833825
669 5571.54808562485
668 43610.27994755085
3024 49098.07144788017
3042 35581.327735696184
3022 0.0
3023 8357.362961540068
673 57695.25231176253
670 26876.709238481606
677 49589.37196406019
671 14540.501835702182
675 3351.0
676 0.0
678 42054.93236630253
679 21299.087511569334
3047 22633.017573307818
690 30434.64262301821
684 0.0
685 23556.58136089451
686 7847.195274532481
689 2494.7113004425387
703 23267.28804368585
682 3351.0
683 0.0
687 2881.5633486590878
702 6480.913365862926
711 22026.77718853821
701 9660.25288160775
708 21682.72562640484
724 3873.769199630957
706 27506.149832372314
725 12994.796963826073
726 17151.371522333437
1448 3351.0
1449 0.0
709 3351.0
723 24688.31056003674
710 0.0
712 12013.136775520104
721 33634.63837986454
713 240.434459910349
717 18524.16271755008
719 16307.757047589414
714 11019.138520786355
715 3351.0
718 21313.601881573384
716 0.0
3050 35576.37992084674
720 36205.90537488918
722 10403.227698759332
1500 44199.01132867054
729 12613.408044348635
727 30775.834250841104
728 45345.423710229334
197 5770.43882454222
196 128911.16072708319
195 104553.27193901982
253 30809.927682546677
260 31573.619992545453
264 23624.42084828914
736 40800.08421140696
262 4.833333333333334
259 15040.701999332074
261 6547.667993213952
282 24287.85769068215
733 9593.30775456733
784 0.0
732 13574.83225342453
788 5410.557185116331
730 3351.0
738 18046.60916858149
731 0.0
734 672.2476413292568
737 59923.107814744006
735 3321.460445028825
758 64638.70971791667
744 3351.0
746 0.0
745 6700.0
739 22559.7546949446
283 12199.218300033619
297 6700.0
740 27380.012710263196
298 3351.0
305 16573.0992459677
741 26822.854105272007
306 3351.0
300 89130.36837377843
747 16039.212803699606
757 76305.7292288079
742 3351.0
743 0.0
748 322290.7634504427
749 371596.89482420275
759 347525.5127728558
750 37719.87518568849
311 31838.143791609567
439 31746.688268285907
751 47758.59527426562
752 22165.304565137223
308 391856.2899955299
310 15017.552994734258
438 46627.580924374335
303 3897.1136972952854
433 1556.8769516933955
755 34012.56306205665
756 43902.27559898936
761 52812.3370612574
753 3351.0
828 43572.63447512836
778 16604.11433808059
760 379199.28178442025
780 316460.94671642897
762 4652.923610510207
763 25984.178470208666
764 21546.20668785359
770 3151.9674671490634
769 0.0
765 8830.93359818241
1051 8690.875045546187
766 4448.0399267610555
830 9587.157487956332
771 22778.059880343957
767 1195.3600706057678
768 1314.8139823842537
861 97.32014384471073
792 8289.600497024087
796 9313.969326901859
795 12252.320823457134
776 3351.0
779 63590.94310833734
774 9114.132061787026
772 15459.179985391234
775 7511.322990597708
873 5205.3156330296815
773 0.0
783 57144.09124377385
777 0.0
781 50377.80462170349
782 357722.815448569
807 287614.64506857755
1074 10788.831404237726
801 27857.95806700731
1070 8914.289978422223
802 5479.375578371542
799 3351.0
803 37799.6522483012
1075 7194.6100566467785
789 6695.6209229312835
790 144428.998347782
791 127734.25152753694
811 38743.35556366699
2675 122055.31479998956
786 3351.0
793 3351.0
794 0.0
787 0.0
797 86222.83865440833
800 0.0
804 63928.44438210563
2099 43446.63643382483
805 354340.4133414264
810 51133.401763367314
806 58747.23525969737
814 7726.515443890928
798 101959.9452780914
815 188489.61706392988
808 3351.0
2102 8060.541246220113
818 245829.6529308393
809 0.0
2679 129272.23301572919
812 3351.0
816 18661.443356961383
813 0.0
2678 64632.1907393985
820 289479.70229031605
821 6701.0
819 59521.84941600533
822 0.0
2680 0.0
437 4333.361405223828
823 20189.413621468757
440 83990.18963820285
825 25249.883614622766
826 16225.101902374938
827 19424.527671391745
845 10359.915932177271
824 0.0
834 52750.93730751672
835 5563.341119503794
831 3971.432618308175
846 4137.471861981406
858 9566.95366878819
829 39397.06575447167
863 16972.0722703543
864 11154.322340303877
860 8886.539567125463
874 13841.00103581142
833 10069.362082315778
832 0.0
867 3497.4269312901915
865 5670.991875647237
850 32621.07241051822
434 4320.742191268097
436 286812.9510220249
836 0.0
844 58104.58051065787
839 152378.65324344634
842 42949.02721677241
903 352068.5102564704
454 133183.48178759744
841 61162.03186418658
930 6551.730743759056
932 5116.215919419624
945 3351.0
847 4596.857013021156
848 9408.202203238781
852 10100.90336521301
879 12295.89383362401
849 25516.467166388007
853 4440.320088635472
880 8164.995969935683
851 11862.601152594209
855 6479.665046241769
882 7397.718150439427
881 8669.170780985889
885 3469.192388485404
854 0.0
896 7386.907792373268
886 3443.432744200245
856 4451.209994925705
898 3091.304238001121
899 5708.6618480266425
901 2498.115082594659
857 0.0
902 255815.13243831205
900 25293.716490192866
426 250266.63909907345
859 2250.9600732389413
862 0.0
875 6173.1880264761685
868 2345.6762647123514
869 1828.34920762375
891 25201.521159131316
866 16994.521923373064
870 731.162551287161
876 11730.264428336013
878 7070.417440206968
892 6220.555620331545
913 47434.38463592938
871 8091.007660255303
872 14043.372745249064
1052 3350.9999999999995
877 22373.52933476551
914 17381.25967369333
1057 52916.17949170814
1054 25287.810099671115
1056 81290.20215673311
1055 0.0
895 9089.337321615965
897 0.0
883 2196.3276580464853
890 12768.484140292348
916 16264.967032973645
904 14943.432971233327
889 7658.471167917725
906 9701.348145054759
893 10453.557554764784
884 2939.953430214364
894 10262.655155176226
915 11389.597958428609
888 2552.440450255312
887 4481.706534799954
917 0.0
919 24936.238968778343
907 18074.25875310566
912 30834.641819319255
985 352682.48755912005
908 19941.461867128855
910 3392.629590049869
905 48179.87087251735
909 65602.2780289291
920 16540.609735082555
911 20062.22626535563
993 151125.36005826187
921 18406.401070955224
1059 7877.696078645617
918 12933.686016286532
1058 5046.678689435266
1061 3970.081208063025
922 17574.959431349424
923 18812.906098383406
925 19405.027994737335
924 15987.414347232872
926 8526.44814057248
927 4201.7242796919945
928 36494.49622645658
1063 5715.204846094819
929 26659.286185611574
1064 0.0
1083 34293.91168464448
994 133032.3945917389
1091 31888.90974192336
933 6620.9490330724575
942 50501.90222756712
944 5529.401663547304
936 1569.4230987461685
935 4876.758920836808
940 7597.366581980065
941 5949.914435480495
947 5522.085612738421
943 51890.13487298725
966 7700.861570707239
956 8400.046647472596
946 0.0
967 30528.48775224353
965 162133.3250959781
972 134490.1045086857
990 172154.65443430684
954 23833.158034353954
955 0.0
957 0.0
964 174686.59066936237
963 27235.00763228808
1180 17774.057179765496
1181 3018.7072047458146
977 115740.4223269582
971 186607.15036744546
1185 18231.099147545785
1186 6973.919520660652
1184 9120.01821470407
978 141968.04344398022
973 65555.06549655668
970 7875.480094091091
974 10386.832208833055
968 3782.4230949678304
969 0.0
1016 5879.063630307108
975 4589.881257099197
1014 1491.360490348616
981 65010.49474734214
979 1183.0181050536767
976 0.0
1020 10098.783961234447
1021 0.0
1019 7422.697624512916
1026 9488.660543573173
982 127491.13738067196
984 172575.97066333645
1025 188718.26414119656
980 667.0732452179091
1024 12562.23714928743
1027 120946.75794763006
1042 182050.32404912307
983 109578.94640717572
1028 15220.815242874569
1200 60695.8039337767
1029 14570.916289297773
1197 0.0
1198 156572.41417938028
1201 79176.13519954227
986 216229.3282411934
995 44358.31903629222
1001 73318.07315621235
996 6523.045335523431
948 147954.98815630772
988 31535.5934234166
949 0.0
989 199759.07472260372
987 4490.195338735598
991 38451.62301706218
992 0.0
1035 106768.39469283975
1002 84192.90113972567
1036 172446.2510359351
998 4028.0374757476807
1000 102365.07749047203
997 6960.323565812903
999 0.0
1004 4761.926444126947
1090 103056.32649000517
1005 0.0
1006 23829.79882171658
1003 66948.40494852244
1039 167476.08491858648
1038 11924.381239823415
1007 9072.633969439914
1092 9578.937742271424
1009 3323.2737323352453
1008 15321.149459392534
1010 4156.3947959223415
1114 4869.210201099998
1095 11135.019895909583
1015 10520.378434931887
1022 13995.928295625643
1018 370.81470860567504
1017 1358.046881218509
1023 0.0
1032 13429.004616135016
1030 13425.15871585744
1031 5874.409500115092
1289 13148.38439170955
1290 2568.3456702859617
1293 14115.607094805326
1044 202640.64993898474
1043 0.0
1040 3351.0
1046 313362.6952482974
1115 11154.278561127685
1037 1442.3347010601244
1094 8893.093994969531
1041 0.0
1047 109558.48380679356
1123 185500.58880937658
1045 70291.94978808497
1310 74398.5170245593
1048 165266.025415757
1049 97613.25091789979
1050 11619.418374483397
1124 89220.00258737718
1314 104034.9643687126
1668 34238.91115296751
1053 0.0
1060 0.0
1073 89523.58638205429
1062 0.0
1065 20713.31379558268
1066 3351.0
1077 23040.067276551905
1067 0.0
1076 9978.766832965155
1068 3351.0
1071 3351.0
2100 136084.0423726991
1072 0.0
2097 3351.0
2098 0.0
1078 0.0
1082 46862.04483307426
1084 82624.59640120946
1081 32683.120193200168
1085 15079.747776001002
1086 0.0
1148 80046.81800678773
1149 102487.82655630789
1150 71152.51885692598
1087 1710.1141743938201
1102 8434.102246369639
1088 1093.2040728825439
1089 2800.358549282357
1098 119493.66141777065
1101 7601.377882051951
1079 3351.0
1103 4098.073975032068
1106 11045.479092443273
1013 12615.798874780841
1099 3351.0
1093 8833.851945301962
1100 0.0
1104 4617.62598226637
1110 144352.42235263946
1096 15272.098004641746
1097 0.0
1080 0.0
1107 5782.123223318165
1109 32449.37972208165
1108 39808.88753813627
1105 0.0
1111 12391.323874872993
1131 122424.01670504692
1140 3737.7236912910907
1146 8471.534316427325
1144 9025.087068091465
1145 56493.78328742072
1118 15837.08971490495
1129 4106.638110448747
1132 24902.18465652054
1135 123481.53084594788
1113 9769.17021584127
1116 7092.282322154248
1112 6279.596440776341
1117 2254.564256781554
1120 14079.550761650016
1119 5592.7562927308845
1122 16023.04918068879
1125 192153.18207602098
1121 12539.631322101346
1126 0.0
1136 293865.4178939049
1130 0.0
1127 3351.5
1137 376315.43172894436
1128 0.0
1143 27419.838361253063
1133 5461.033101019295
1141 3351.0
1134 0.0
1161 445473.0117017288
1138 85633.4719451501
1160 311595.50432602636
1163 68971.63058610636
1171 213798.13721557788
1139 80698.46470862931
1680 8195.215637599655
1685 77149.47934920326
1164 5439.636523959352
1154 39026.184317275845
1147 0.0
1155 63371.44400046111
1152 39301.19163464288
1151 25131.796102337612
2115 13480.258366465701
2116 86937.53695261371
1159 4611.767313291617
1153 6577.151838133544
1162 266214.40648478345
1156 4579.710737563843
2117 313922.8599213129
1157 3869.8162156111666
1169 38053.89169599432
1170 31321.340462073113
1167 3175.031417718467
1824 22594.763185140528
1818 42284.94581469904
1687 64376.57695697057
1174 116511.92513744869
1825 0.0
1172 4290.540113385107
1176 97490.95379468177
2121 356777.10401006945
2122 0.0
2129 64887.755945269695
1175 3972.321541011504
1178 54806.981312719545
1177 65618.29895815687
2130 66482.49593001073
1173 566.1656047566244
1848 67103.08202558216
2127 13125.749072039102
2314 35302.711834794296
2125 27887.43806318146
2126 43416.815213905225
1831 135135.16219903337
1709 81848.48622078523
1834 183118.54427186155
1839 0.0
2823 76696.29360004018
2820 4721.140117080614
2819 220109.4592330773
2824 4409.745677671134
1707 32669.81021026833
1708 101908.08541710874
1705 3401.4501001041426
1830 75661.71083353148
1703 182926.25107386668
1867 5940.206054054538
2926 10677.296981019377
2927 3351.0
2930 2725.679032011371
2929 0.0
2347 19426.471665968227
2339 25623.430492241016
2345 36586.93376715164
2348 24537.67323684922
2338 29099.559845156524
2373 9456.878043261884
2799 11013.819458789903
1836 64022.40318883615
1838 84010.66562047722
2321 59969.399924126345
2322 121841.43565149068
1876 49744.348010425434
2323 60074.84404770807
2327 154433.83929878427
2324 188076.7187896267
1345 44850.8369546478
1340 2644.8056348600044
1346 89277.72828428372
1337 11888.469307667945
1335 15548.576925820838
1336 9542.801624920967
1203 162042.59013309947
1204 14357.931738071155
1212 7967.307811719195
1215 31793.347430216338
1338 24273.43245740924
1334 6599.261419821837
1202 155943.93509248024
347 375684.7663808903
1863 53014.37883169048
1844 34386.81568691629
1874 54181.89934147742
1339 118833.84706685723
1342 109916.57316288528
1320 99333.72275891744
1343 75627.41741320258
1341 43154.996830969336
2541 13851.159013415914
2542 23679.25411070392
2380 3858.8924122926815
2537 15733.557421546433
2382 146647.62584287327
2543 41874.88837945728
1193 34302.434121351325
1864 103713.63701726819
1843 6281.853301744887
1845 87079.80654062188
1855 7118.681655214924
1866 82567.70511245306
1694 47503.48373241176
1695 97913.41206612965
1696 46231.52189347117
1689 148565.55050106303
1213 9906.599022568258
1214 0.0
1211 8103.548310259507
1216 42928.383466528816
1673 86456.83232411765
1344 113972.81369547639
1672 25361.392680675828
1677 108618.67069071792
2782 140420.906152733
2748 173841.48904498664
2778 16904.55545019521
2798 8730.136893733034
2735 7742.142358343491
2801 0.0
2726 21059.285263163572
1318 3360.0
1313 136259.43979407498
1319 0.0
1669 53113.837558993684
1821 26005.91899598409
1822 24689.587575195234
1823 68708.12475990463
1819 48782.097017620734
1827 4534.322711540342
1693 47849.17470611372
1692 6116.654756472783
2368 7597.282067217507
2369 6176.714248100232
2366 8177.3952536632705
2370 5247.619951570119
2377 155597.7412386207
1690 12632.566721999356
1691 10147.385885190824
1816 5912.37831554166
340 91878.46485293792
331 348157.5589556856
1820 95087.2594526595
1826 102292.41104353065
1851 7102.546557188905
1846 37069.90549675308
337 0.0
338 54643.49772185418
2317 11968.854166387015
2319 135698.03905245385
2318 0.0
1856 11054.51144327444
1859 7326.182984471152
2313 90816.23790588409
2320 44969.74219877157
1862 131203.74622811124
2152 12075.275084101468
2140 15633.315261039521
2150 38039.146575445
2151 63290.22140302624
2733 12507.60421421222
2734 2566.6460385045843
1295 14763.020049699453
1296 3467.590006298232
1299 3184.6550668975146
1311 0.0
1312 25475.876783704258
1291 5141.249465924431
1297 2453.7172815828135
2724 7459.505070253019
2731 5217.580626549175
2142 42930.045777089086
2153 3710.9620674638754
2158 12718.584861202336
2333 50627.33348932701
1292 0.0
1294 12412.077719873654
1681 3475.44892546759
1683 3208.335729344345
1682 0.0
1684 2391.1053877832082
2131 6090.961449079639
1187 13877.132351819913
1188 9153.9248619537
2175 76239.21682554814
2176 22852.428644885047
2190 202887.44528510608
2336 103184.57432183906
2177 0.0
2174 171798.14114422686
1298 1771.7883418251486
1317 28109.78894170081
2725 7864.6191011380115
2310 3390.883766233768
2723 7623.9411219594585
1033 3351.0
1034 0.0
2312 10952.57167838094
2307 3991.5278216959364
2309 9309.170452799064
2606 34589.293158846885
2311 0.0
1168 0.0
1288 0.0
1300 14897.240801751088
170 143223.74633146764
173 23673.249599249673
174 60649.06296081118
2170 4388.165805792952
2171 11581.252431194043
2156 5586.541687156567
2167 12260.78255498668
2172 70264.44906841505
2123 3351.0
2128 51597.89440438323
2132 37132.87364932455
2722 16883.714694184247
2721 38036.6005703079
2306 11019.054947530676
2727 5861.192752721399
2137 9861.7305778408
2138 4839.609159499569
2133 11853.458566621006
2135 26386.31238210508
2139 7912.343155449635
2141 11757.109942246223
2147 2771.0362918508686
2148 42.45758449021466
2149 5726.998597251987
2155 4440.038294586746
2146 9435.683855108671
2134 7118.2803579366455
175 91649.68168173499
182 108859.34644640332
188 13728.089617641928
2729 6840.868556378248
2730 23076.069725448757
2720 2162.0489870422302
2164 11034.725690482528
2165 16542.274441460722
2145 19172.408465767003
2166 4300.120864421203
2749 137924.38435887598
2740 183374.61409620824
2752 13345.124732556837
2254 39636.750407107626
2255 22114.165614982867
2249 18217.863836251046
2256 94734.10395048477
2250 25803.377261026682
2261 13884.27521784508
2262 13752.489216050753
2263 24328.908292062573
2264 3351.0
2241 20523.884518005863
2295 28161.243246726586
2144 25885.8639159871
2163 202632.70207599818
2252 4242.271808338121
2253 5334.588133216162
2237 27818.821211784096
2259 3923.3905665782963
399 67135.18981791926
398 23934.232995695573
412 3351.0
400 17354.888861088126
413 0.0
2186 59801.18029964977
2245 59228.31617915721
2185 37992.03718226721
2248 41465.739184919774
2246 0.0
2216 100863.8652326029
2743 0.0
2744 6701.0
2745 0.0
2751 11318.70571415014
2773 12564.880224135035
2774 3351.0
2769 26691.700901821983
2771 8384.482443474786
2775 0.0
333 427277.436842368
329 18494.2438449852
332 340920.82309713465
2239 6796.893638384726
2240 17081.344368541242
2242 3351.0
2238 26371.764407893155
2244 13035.64305065377
2276 5415.642848980564
2712 38214.13592677637
2718 5073.178778264991
2711 31821.698822987928
2719 0.0
2707 18638.478124617497
2713 41300.04414276816
2741 143993.23119486938
2715 163833.0504018683
2750 16531.65988142155
3013 12473.928645538772
3010 44607.55712195316
3012 9664.768733619587
3014 24719.184676622237
3004 42016.026841446255
3016 65814.24521469584
3163 10049.0
3164 3351.0
3144 31684.432947359248
3165 0.0
3166 0.0
3316 56877.615304349165
3317 46728.87486016824
3314 59728.66443495547
3266 15420.19249267647
3279 34204.427825797706
3329 8856.970084432733
3312 8220.431641565427
3268 4554.37252519954
3313 0.0
3315 0.0
3267 20526.20110893857
3264 151809.1658794007
3269 14631.820302870616
3159 355837.351970162
3160 333257.2713699079
3155 275878.1332490632
3257 198192.3489964217
3138 272117.89105032274
3258 191410.15541880208
3158 116870.01987417758
3262 85595.49938123598
3265 155367.07754512277
3263 7119.280064710294
3276 156961.82603308785
3137 225020.86000825232
3150 225028.8626445073
3139 35308.54094742233
3136 270990.5968707513
3106 303432.32016560034
3107 230085.34183605103
3068 100595.09092824961
3067 335800.56309176964
3135 236174.86808563533
3133 16982.203708849625
3156 3351.0
3157 0.0
3154 176154.1062894732
3039 16404.33661735584
3037 19021.85790725351
2997 13018.578892542195
3040 3351.0
3032 346089.5922422177
3038 12159.064018663965
3066 409333.9678168487
3098 204851.33238612767
3061 26710.07345200988
3058 339413.4414490281
3270 86040.14931165022
3271 4350.143892979798
3255 4394.263174515944
3274 97303.58467416633
3260 5798.119155428476
3253 8932.166847734617
3275 180502.149597062
3344 24537.913216527846
3345 23148.690312457988
3346 24815.47822575603
3343 6601.876862955873
3349 24901.878018472806
3334 13782.625900059658
3059 364728.0499036477
3045 57301.8611504227
3277 192236.14142768458
3256 91730.2930837334
3299 188497.29533295674
3301 16570.206864011634
3254 12235.48671130809
3246 15453.54211031454
3251 9500.521941081319
3097 14165.290374512471
3095 14313.117827311607
3057 4715.404893969136
3096 0.0
3093 77046.96516921237
3249 3351.0
3250 0.0
3033 367014.28991070297
2990 416959.1547855463
3029 47214.40808268088
3110 16882.253093734773
3116 17993.71715800174
3109 203116.92335741018
3108 194471.18606568372
3117 3351.0
3244 9486.206341070185
3231 129259.73674557872
3247 3351.0
3245 0.0
3216 134042.1441656827
3340 7956.314649993533
3341 3351.0
3337 8370.819400562234
3342 0.0
3296 9006.975956594157
3297 3351.0
3252 75836.29332611024
3289 15741.831291854842
3298 0.0
3300 210560.25380472478
3303 67808.31632143464
2861 133901.17815433422
3332 34643.47942606112
3287 12997.998525972245
3288 3351.0
3295 15027.110497384205
3302 0.0
3185 6659.50972929998
3186 3051.2431156356465
3181 1884.2701503515705
3183 11138.19283717504
3214 8530.867702004683
3202 5.466666666666666
3200 710.1255521821092
3208 1957.7967767839189
3230 19711.308872659614
3227 16517.155157262714
3206 32871.207367152325
3226 4086.4936366508227
3228 7534.856707472653
3333 6368.223244292968
3335 2841.5899109593215
3336 6887.082956498596
3339 481.27783455012786
2862 174319.4231210574
2864 10780.0626698234
3126 20546.120706894366
3127 6642.439460562308
3176 24678.60475594822
3209 4802.381549497888
3178 3597.0998460979263
3182 5943.464243037761
3180 5726.096866649327
3199 16133.086995817659
3229 3351.0
3225 295.59413901686844
3232 0.0
3198 6393.938069070128
3205 2740.3655890117693
3204 1257.1028795441537
3195 5744.649819730672
3197 2584.5515873569984
3201 20730.304129453856
3224 3820.908229200688
3338 988.6879235906931
3192 10757.779178579616
3193 4453.948904207013
3190 22258.584580466115
3191 9605.381487955834
3194 3352.833333333333
3219 10694.294545362
3196 0.0
3283 6707.188630105817
3282 2107.1229710651874
3243 10798.879646254038
3284 5429.76596868168
3238 980.8262372330771
3281 9362.487630725072
2856 162473.94935940194
2967 7589.1142281792245
2968 3351.0
23 23174.217175720045
2971 8778.679102272097
2969 0.0
3084 31548.705006635108
3085 12670.85485955972
3078 40143.79014917022
3083 13438.727728931848
3086 5274.13626130312
3290 6119.384677318125
3291 32840.76455162356
2646 16041.116513713067
2649 27516.417207514027
2674 80408.63087820375
3089 12031.205353313362
3101 3342.496834032779
3099 9163.114882819928
3102 3984.998868335167
3088 15939.644635113202
3100 5974.493382149391
2895 23364.35013928373
2896 26562.11042440403
2889 6533.721008167301
2934 8607.320355194854
3351 23111.466245044456
3221 12416.541702875513
3223 16683.899165257702
3222 0.0
3220 19629.0494293927
3234 29631.811043605656
3174 5861.100471678858
2485 6396.0297065537325
2471 10456.372414703668
3177 8917.569303874585
3175 0.0
2483 20457.61950340199
2991 329733.009878156
366 190048.64315390965
372 236732.17518227507
3018 20899.328766132305
3026 3351.0
3027 0.0
2647 10397.42512662494
2645 7906.706904583442
2648 49301.645918609924
3292 11862.459737525072
2469 11183.352509327751
2470 35702.606966812185
3124 2007.5548087947568
2486 142784.66073431767
1642 45549.731369922585
1641 68041.91901738683
1643 6891.903524248499
1534 41982.738006003114
1647 348935.3345534504
1664 604455.4070361048
1533 35471.10076240569
1535 20832.75975168596
3081 5233.103282210976
1530 54900.9133732936
1537 7160.801681949336
1536 22022.19332029361
2650 3351.0
2651 0.0
2857 199882.5774242143
2844 25451.149746446194
2854 191262.34180840387
2863 26644.589536532047
2513 67224.6948853849
2514 62151.3670851928
2482 4819.873239698895
2489 80765.7738859382
2515 23984.54758579063
2517 32997.10800078109
2481 6344.703818583156
2477 9088.660493436462
2475 4169.7905740129445
1663 6518.537315301006
1655 12495.333002627362
1646 100489.33134350486
1662 1586.18953235239
1654 6684.5535339607795
2017 46230.43579782252
2089 3751.55487766755
2090 91.82131023309967
2085 1175.3639939662344
2092 12788.214444144647
2094 3352.0
2458 1439.347013040583
1638 30991.05725259502
1637 6719.0829158101415
1523 25123.976904140047
1640 34437.298767254106
1630 4897.5291113955045
2668 11214.408718157298
2669 3351.0
2665 7197.614157534441
2670 22821.72547177043
2671 0.0
1639 2806.0995772367305
1633 699.8749869975061
1645 53606.75335765851
2956 66249.00103677122
2954 120904.62850529219
2941 57797.6113379871
2955 12412.65836437232
2020 6758.071303440111
2022 54563.636049836685
2021 0.0
2019 34603.516302026335
2023 542593.3141377646
1656 965.8694039623584
1652 4201.020541064376
1651 2500.599026323653
1636 47696.556639623115
1632 5604.14589856392
1634 41203.54856982008
2083 51473.326737235504
2084 8647.241376304497
2077 38438.626751585354
2091 68246.94363299845
2080 4790.090156486132
1521 15465.072555291956
1522 10070.440748416222
1517 4615.960313091702
1519 3354.9750000000004
1626 1225.4227272389912
1511 60165.10664263545
1512 17756.13922904835
1503 43094.391040048184
1510 265335.2247481376
1516 7478.220907995015
1627 1646.4617349862845
1628 2140.9547394203096
1629 6440.2728332370825
1518 2438.1901694201615
1631 7655.86242396142
1582 12977.117665966249
1508 2970.2956660835
2453 4790.4776686018595
2454 1716.9674532685005
2088 19174.84242695971
2451 1744.922393755828
2457 5197.319852758244
2456 3909.1494511256988
2460 1385.80613903555
1520 0.0
2450 9288.228251110459
2478 23288.13049362614
2479 33417.81286600115
2448 7112.151967703312
2495 78189.66385597139
2526 20441.618091559387
2891 88802.9715982429
2890 63588.95789868735
2888 16096.718006556406
2855 226836.46607999096
2932 64461.48953191834
2943 44736.110122859
2939 13350.599519624664
2940 67579.6356221131
2455 9538.812166396696
2452 1820.32927152685
2433 68735.4387440842
2079 3611.1299762807066
2081 3916.518264598716
2068 13965.054821743948
2086 1493.8967648856758
2087 10406.078810045643
2075 2452.0481164060825
2666 4452.767170108312
2659 13016.842432158433
2667 0.0
2658 33094.61793491197
2660 12846.575815956
2942 60132.62721344293
2935 6909.015196444179
2933 75800.25464107071
2082 0.0
2938 15188.858157556915
1509 4657.271344323789
1504 4316.337568665133
1507 2001.436768509162
1514 1805.8199439613368
2425 58196.97958423088
2442 62699.1755109398
2472 20876.798104795795
2015 818.5660384543859
2016 2030.605547718364
2018 3581.144531645804
2014 18320.59332342041
1978 41146.33920955162
1593 16467.582357423165
1594 9352.37081321368
1591 31228.449062559623
1607 9949.303546120193
1635 9556.165329878513
1648 6041.082110094452
1515 12704.023313523456
1578 6242.466644866565
1577 0.0
1576 52665.17208906584
1580 617.8195093795094
2070 11690.740508039109
2071 9319.248943228682
2069 5564.606902911484
2072 20149.84255226881
2074 3548.5707139088045
2047 994.6808793132568
2067 2331.8265216239106
1606 10611.289716644469
1608 6555.524696035448
1624 10419.829789947347
1609 0.0
1615 3714.258081656224
1623 6726.99875873083
1610 1398.8070944292904
1979 147751.55641327432
2002 53150.06653590966
2024 153681.07230999589
1998 50667.75536335018
2003 31004.098936969487
2004 18424.375972568065
2443 622656.0334636999
2441 9538.440646395593
2437 448968.2748306093
2444 620052.6971218318
2447 170645.82702107407
22 28021.077978739195
21 17578.56715641148
165 37352.79448224775
3 6415.217000891266
2445 3351.0
2446 0.0
2429 5717.7462215370315
2426 44450.11117118909
2073 48142.5841631906
2428 7234.009642994365
2064 6560.2477329217
2065 768.3591267787813
2063 6974.823023000381
2066 2642.7258018354055
2847 96007.1748560537
2848 113597.33530474317
2838 4570.013415978438
2840 97070.48406177401
2849 8367.54142026694
2852 207213.15527036323
2006 1304.9678667374956
2007 21952.543408719197
2011 39.36233766233769
1496 25686.894347487894
1490 30664.344608914573
1495 4638.635992384797
1616 4899.182236435508
1617 11632.861698166915
1975 15993.286353480647
1611 6897.202541558569
2594 13484.90662716259
2642 33552.02017554033
2638 14260.498603515998
2657 30416.09656508368
2008 28940.49160923913
2000 26798.509852646603
2005 6515.302259694271
2009 41356.039931382875
2037 7356.491186097219
1971 40711.09711177805
1972 25959.255689155692
1977 38794.95661156583
17 5698.355185883189
18 480.1078321365384
14 13434.654361913768
19 2633.005050327998
16 6.333333333333333
15 19451.23792061942
20 24209.2316013432
12 7667.364015058391
1620 837.6444585141154
1621 3903.225021218478
1999 19925.721019406723
1988 21031.24959332648
2001 25831.433655035155
1574 54689.40551674608
1575 55743.848833144715
1583 3592.513394999631
157 12470.946058435142
2970 74525.26034841556
1586 20825.525105394743
1587 18890.08658386891
2639 8736.052842229803
2839 0.0
2845 11928.916340536894
1142 0.0
2221 19780.903178835903
2222 12471.691839048613
2217 43035.53332675464
2219 15645.109478257242
2223 3357.0
2114 4556.809023686729
2284 10645.275471863462
2282 13067.473553442094
2285 74035.0490109531
2286 12397.898613790498
2277 3933.007713189613
2281 12407.586271540304
2120 249098.65942883797
2283 17744.530819470394
2279 3068.3357212586784
2289 0.0
2280 2867.9650962834603
2290 121883.90236257487
1011 3350.9999999999995
1012 0.0
2274 24309.54890307965
2278 0.0
1158 0.0
2218 19473.253383094678
2220 8867.11398621485
2225 12855.249631261406
2234 6544.701316976321
2714 163833.0504018683
2716 144708.38025345054
2709 142711.4234661891
2717 137468.2900618001
2736 75614.99460572342
401 0.0
388 26458.497689177286
2231 12577.986759611782
2228 1523.2884400505457
2235 0.0
2229 4612.247587112923
153 24233.5107419239
154 3351.0
152 21792.954665793382
156 58275.82168094253
155 0.0
386 62837.0455764358
395 15300.219634321284
2737 66102.63803355146
2705 28933.11735065902
2765 75033.67408685015
2738 26605.348274861353
2230 3363.3
2232 9275.68050621967
2233 0.0
2118 166544.2366876773
2272 30337.22138313985
2271 36619.5117252564
2275 32082.239932541037
2273 157033.46406373027
2269 3351.0
2227 4752.182829774508
2226 4679.852839177296
2710 137546.45301063175
2693 148737.73857944008
396 3678.4399151051107
327 359170.4945735757
385 59772.89958238448
397 0.0
323 15617.30236273933
324 342817.6410013699
2112 3351.0000000000005
2107 81732.7681888339
2113 0.0
2106 131432.40815001962
2766 47548.51466547725
2759 59004.25481502847
2763 162123.23208525282
2770 11684.283667817594
409 0.0
2764 84362.12393079541
2772 9363.438031933632
2762 150926.02385503458
2913 94492.65188500471
147 3351.0
148 0.0
149 10049.0
2197 31794.150123680887
2198 27088.40611186077
2110 161851.23954758976
2201 10171.207433809033
2111 108303.77778234903
2215 134193.82516697183
2694 133414.60659175782
2686 8565.654345664347
2688 164763.14209165072
2701 8158.417605837568
840 20431.75184112651
387 46436.31211784522
391 14513.96454250831
325 391861.9956026107
2199 3351.0
2200 0.0
2202 10304.083912501092
319 6332.398065331319
326 369876.1126040247
2203 3350.9999999999995
2207 52616.91631931156
2204 0.0
2208 45144.76675892537
2209 3351.0
2212 149327.28927374256
2210 0.0
2756 6084.4695976373105
2702 3924.3667603847834
2755 7587.970347931852
2683 204671.84051239293
321 3351.0
320 6748.399107142873
322 0.0
389 30292.68257766864
390 27725.05695133544
379 28739.09497411732
382 16928.820148035313
2205 274227.8826743924
2206 194524.68137730585
2211 114598.1885851828
2196 369833.399945894
2692 167804.11268139357
183 135577.19045462325
139 59844.26483241512
184 64928.5763727684
2103 3351.0
2101 81557.86587385127
2104 0.0
328 385018.80290654517
317 37678.87637905009
375 502525.37960386724
384 69896.55179717926
383 129202.60229629338
376 515635.02928929206
445 120602.02533785935
417 268661.2693917905
424 3351.0
1069 0.0
2195 241064.2118075312
817 289941.4631707674
143 3351.0
145 6700.0
144 0.0
146 20330.92611209691
312 185670.22440809925
313 84520.28171249556
225 150772.81902792322
186 45802.869987161066
315 59914.2717586862
224 130376.80645366358
316 111925.77345762237
63 15923.116789621967
187 25421.62002221197
140 77276.16034398718
291 537848.3233691806
292 647238.6559357428
277 210477.4950565818
307 380123.78997747245
294 582881.9788407702
131 125605.50754696017
226 33711.01059848145
754 0.0
309 0.0
274 28689.760774390812
275 3351.0
273 64006.11893318783
272 205551.0378058346
276 0.0
269 3351.0
266 21647.020393772927
270 0.0
271 175083.47305851892
265 58345.30566545977
52 4600.24942011273
67 0.0
51 6396.294078023838
61 20937.030718154743
279 14108.808040173346
220 103442.57672042187
221 128715.72835611804
211 87381.8651895631
218 13396.0
235 21548.042734304883
242 150925.19667633035
123 25103.137619108587
122 16818.511780091274
64 12227.400982967956
121 112801.41322652787
65 22219.705260852996
120 81867.71811548718
53 6075.5087695557395
55 41507.49163329472
54 0.0
44 3351.0
56 29442.21074267151
62 65976.59030967324
50 4388.737992426944
46 22597.024149886376
49 3261.4978943145084
60 12825.211867902903
117 5603.105080864406
47 5671.079658098438
48 322.708299765538
35 2721.231356770242
41 7591.095473962808
124 69329.9747867749
125 47965.97905062133
118 16591.59555324741
116 19197.60735407759
126 35999.73169424173
58 7041.942789157117
119 0.0
214 5743.77620926998
215 9269.990668511828
209 17564.286878944597
229 1263.7194360996916
231 0.0
222 15917.592506368732
232 970.5789716240678
33 1533.2916190614053
34 1069.9477928289193
30 5891.990857900156
36 1514.1957096415122
32 1429.087538032765
238 14000.292272391067
208 41662.43351192721
230 12443.551181670886
233 1183.3328978149432
241 53363.26916157532
207 25706.668439335826
37 3296.838636888189
38 7637.216037287493
39 3351.0
40 0.0
57 13019.656425393474
201 8780.494218237573
202 11774.875475964316
200 11783.398635638654
206 19661.639242463883
86 6959.666666666668
80 9043.087396239374
87 14744.241820596642
84 3351.0
78 12136.230248810023
91 26944.174041496022
85 0.0
90 15582.91277756175
92 41509.544255788765
83 7459.59103651638
88 10366.829102113958
205 17728.533500026253
203 3350.9999999999995
198 29650.54603607036
204 0.0
94 3362.783549783549
96 6893.095473673703
95 0.0
93 20343.56073122419
97 31130.776182504935
98 11396.108618399001
100 5390.479955874809
74 17997.807929986462
75 3351.0
81 13101.75130190164
76 0.0
248 11707.701999332092
249 983.1448517755538
247 6700.0
250 3351.0
257 3494.527132050738
254 2275.2908542738205
258 763.03455717777
255 122.23410193163568
256 5376.155983743897
252 3119.974023710081
251 15150.46334078703
6 3351.0
7 0.0
8 6747.461538461539
9 3914.9328268817208
10 0.0
11 18974.788413344722
159 25771.015026241635
13 0.0
26 4809.360583466931
27 0.0
25 7559.920598294815
72 5310.527390253216
42 0.0
29 5381.639831106119
43 17543.41893012421
45 0.0
68 3351.0
69 0.0
130 40140.689590846574
79 0.0
77 9287.5331579793
71 7071.194192058722
82 6008.587661453437
89 0.0
101 14949.105648590026
102 0.0
99 52056.08952179197
108 40846.76761249111
109 0.0
103 81867.59531734108
110 727.9850544017081
107 40311.431430536504
111 30465.92208481577
112 0.0
113 88365.81032082422
114 5396.866782373746
115 0.0
59 2523.1330180096807
132 0.0
66 184916.96148923694
135 3351.0
136 0.0
133 30498.398714261155
137 3351.0
138 0.0
150 0.0
151 18359.81472641809
158 0.0
178 3351.0
179 0.0
180 3351.0
181 0.0
185 0.0
199 0.0
106 1670.3544101798004
105 102457.59628895069
212 3351.0
213 0.0
228 6395.250879484596
216 3791.8759120781183
217 0.0
210 14972.563920076122
219 3351.0
223 0.0
227 0.0
236 4839.770616914058
237 0.0
240 9268.179144547512
244 10420.391668198214
245 0.0
239 5460.417916330001
243 3351.0
246 0.0
263 0.0
267 3351.0
268 0.0
280 3351.0
281 0.0
289 7073.823611111114
286 3351.0
287 0.0
290 17880.56604001864
295 3351.0
296 0.0
299 0.0
304 0.0
301 119.88553113553115
330 0.0
318 49090.05998227455
344 5210.076360350074
341 3351.0
342 0.0
343 6740.916666666667
345 3351.0
346 0.0
357 6859.647560229629
377 3351.0
378 0.0
380 3351.0
381 0.0
419 6433.57535727486
405 0.0
302 5216.579596042948
416 0.0
431 18639.796976129288
425 0.0
423 5862.632942699534
435 0.0
432 7995.991683686544
623 0.0
1165 51332.5513865617
1166 0.0
1182 3776.135922994167
1183 1202.65015935808
1189 9698.07048597627
1190 17002.506253188312
1199 0.0
1219 8012.540360896722
1220 0.0
1221 2353.1852499221663
1224 8225.780049616915
1254 770.4259516213353
1250 43313.8575060637
1265 4586.554629414755
1266 0.0
1270 14021.351470679536
1272 10225.296726446677
1273 0.0
1276 61651.86677644083
1302 3351.0
1303 0.0
1321 6084.594180640423
1322 0.0
1306 16409.23721611646
1324 7170.886525086952
1323 7554.705680714078
1348 42493.17547256531
1349 0.0
1355 0.0
1360 29520.91616649426
1356 14075.38524882392
1357 0.0
1358 16927.348929983975
1362 14351.672034724876
1363 0.0
1361 9113.740469874687
1364 12064.412871015636
1398 50230.45095207962
1384 0.0
1421 42033.55034818138
1378 164517.01611653614
1388 3796.120165945166
1389 0.0
1390 19946.61687265408
1395 31569.14982443911
1396 0.0
1332 5343.281293891297
1392 36492.30302842943
1347 61047.61179179151
1402 0.0
1399 16029.053868734945
1415 0.0
1427 12244.475412664166
1428 0.0
1424 28005.518779459224
1430 9534.005368127344
1474 3888.8594204531246
1477 0.0
1374 19332.861746297775
1491 5384.085592681905
1492 0.0
1488 5225.823216980571
1461 3350.9999999999995
1499 0.0
1459 10625.273587362843
1524 4378.27023473003
1525 0.0
1526 14651.298564200282
1601 0.0
1614 3954.8222613827115
1619 0.0
1653 0.0
1665 25564.061273518262
1666 0.0
1667 8501.114153138251
1678 3351.0
1679 0.0
1698 8639.525689902921
1699 0.0
1700 75633.47926016801
1706 0.0
1704 795.6911249357252
1710 20611.80771443163
1711 0.0
1713 66262.26115502648
1714 0.0
1715 90341.60862853182
1720 0.0
1716 71916.7077680311
1730 1900.8753635889962
1727 30493.606878928287
1732 8517.697342814254
1733 28305.713678249675
1429 25257.884613009242
1737 0.0
1750 1116.9098110144196
1743 10219.946091021096
1745 2744.5340151370706
1776 0.0
1759 29165.62678402812
1782 16329.060362868457
1746 22519.718270317884
1783 0.0
1798 0.0
1793 12049.624312559503
1811 11255.92955403807
1812 0.0
1928 4904.299325669441
1817 0.0
1828 0.0
1829 0.0
1847 0.0
1849 3558.513902941168
1852 0.0
1861 10806.303830804458
1865 0.0
1860 31438.692238039563
1869 0.0
1871 0.0
1897 3715.508205935091
1899 0.0
1894 3792.1642014907666
1896 5974.807311176475
1892 25605.456287303372
1921 0.0
1933 26118.427600597322
1934 0.0
1935 169052.57157131334
1912 26744.35189207831
1937 0.0
1952 5684.1889235739545
1953 0.0
1945 10184.811784408012
1958 16969.015173578548
1959 0.0
1960 86459.67331189757
1961 10141.608780564482
1962 940.1055921319258
1964 259095.53357704307
2360 9937.718130455352
1965 1906.8153910370017
1966 2777.2929891021436
1973 14735.908457529113
1974 0.0
1658 6186.9436096714535
1660 14304.484979560102
1982 0.0
1987 0.0
1995 28768.19766303002
2012 2716.9052829881134
2025 188619.1652909796
2029 1314.1920340163354
2030 5634.609300037711
2031 1838.9558960310655
2038 11514.333813149087
2039 0.0
2041 28381.139113107496
2049 0.0
2061 1.0
2419 5509.685157721719
2054 45730.603615362015
2078 0.0
2076 35515.78823031808
2095 0.0
2096 6684.68089321179
2119 0.0
2109 166595.74641424333
2124 0.0
2136 0.0
2143 0.0
2154 0.0
2157 3864.3145460465225
2159 3650.797139270417
2160 0.0
2168 0.0
2181 90767.01171646555
2169 0.0
2178 49489.45244739679
2179 0.0
2162 117765.64605408275
2180 89611.20887919434
2188 58535.751097598855
2189 0.0
2187 59554.75093989034
2194 113526.57227421922
2192 25967.31044354656
2193 0.0
2191 152478.2165723591
2379 13827.860776819456
2213 4428.901352977086
2214 0.0
2687 5227.80716567284
2224 0.0
2243 0.0
2251 0.0
2260 0.0
2265 0.0
2270 0.0
2291 33454.71609560323
2292 0.0
2293 67803.9144310684
2294 109593.9912384704
2299 0.0
2287 105556.82339441912
2300 18595.783780757014
2301 0.0
2302 22789.736968580437
2303 3351.0
2304 0.0
2305 6908.004004544694
2308 0.0
2298 8628.231588166094
2315 4081.149004262692
2316 0.0
1857 2887.071918995083
2325 111961.47083836903
2326 0.0
2334 0.0
2342 29050.2382613356
2343 616.8860877519425
2344 124811.35284448022
2332 31608.134573409516
2346 109035.50562375285
2355 3350.9999999999995
2356 0.0
2351 47474.268568296175
2367 0.0
2371 0.0
2372 5511.201585832802
2374 10755.53317227773
2375 0.0
2376 24783.43368677564
2381 0.0
2378 13727.316667795425
2387 3351.0
2388 0.0
2399 0.0
2400 7575.976780812833
2403 12726.770433705338
2405 0.0
2402 28519.132030082008
2575 12297.838149534591
2409 5788.60011817205
2410 0.0
2411 9535.756309330662
2413 0.0
2057 2909.491922005409
2358 5905.722985175167
2430 26188.201016700616
2431 0.0
2427 17189.201715294363
2439 0.0
2449 0.0
2465 3432.1967483472617
2466 0.0
2467 6497.086585517643
2476 0.0
2484 3363.3357142857135
2488 0.0
2487 18954.164674164014
2493 0.0
2497 0.0
2496 59309.32859868984
2502 63537.08772372707
2503 3856.4805644587154
2504 0.0
2501 1346.2088377762705
2507 3351.0
2508 0.0
2505 60483.15834726683
2510 3351.0000000000005
2511 0.0
2512 59019.28577411761
2520 3398.0932692307692
2524 0.0
2519 4436.562207852419
2527 11727.259355742231
2528 0.0
2529 8229.07606093327
2544 3983.43640816011
2545 0.0
2404 11113.993949542773
2546 5413.114214437201
2554 5610.30195673611
2555 0.0
2540 7340.466241678245
2556 33063.0874345358
2576 0.0
2574 5018.55463874149
2597 6715.892058841438
2598 0.0
2595 6996.7558274021085
2601 95474.00890516725
2599 1.0
2268 6386.3893563320025
2596 2924.0704540502534
2267 13883.02996524417
2558 9449.358878390967
2604 7217.123093001166
2605 0.0
2607 13493.936368136225
2608 0.0
2609 14754.134696275445
2611 0.5
2612 1988.8730629514944
2627 2094.3397986232744
2803 19543.76157867828
2641 0.0
2643 37721.43918965293
2644 0.0
2530 51503.134870916714
2652 11670.464656956336
2653 0.0
2654 20547.156983842353
2655 26035.40575943506
2661 3351.0
2662 0.0
2663 3351.0
2664 0.0
2676 3351.0
2677 0.0
2689 3351.0
2690 0.0
2288 11286.47074970129
2695 3351.0
2696 0.0
2697 10049.0
2699 5112.1330961308395
2700 0.0
2691 40282.26631244367
2703 3538.129554473305
2704 0.0
2708 0.0
2732 0.0
2739 3351.0
2742 0.0
2757 3351.0
2758 0.0
2760 3351.0
2761 0.0
2767 3351.0
2768 0.0
2780 3351.0000000000005
2781 0.0
2776 11206.460836928285
2783 3351.0
2784 0.0
2785 3351.0
2786 0.0
2787 13522.317408951303
2792 3351.0
2793 0.0
2789 32890.53184638647
2805 3351.0
2806 0.0
2807 10642.439512290546
2821 0.0
2835 3351.0
2836 0.0
2837 41790.34842610886
2842 6701.0
2843 0.0
2672 42544.771988078224
3330 0.0
2850 0.0
2859 3351.0
2860 0.0
2865 3351.0
2866 0.0
2887 9075.646937913632
2868 0.0
2869 1049.2064215797968
2870 1048.5230176770522
2873 3351.0
2874 0.0
2875 39946.7390332358
2880 3351.0
2881 0.0
2882 8291.052687590194
2886 0.0
2892 3351.0
2893 0.0
2894 9030.006530585504
2898 3351.0
2899 0.0
2897 9788.674767060793
2900 3351.0
2901 0.0
2902 18646.882467211624
2907 3351.0
2908 0.0
2906 8207.980250751494
2919 3351.0
2920 0.0
2912 7532.182957085089
2936 3351.0
2937 0.0
2944 3351.0
2945 0.0
2931 8616.682050992009
2949 3351.0
2950 0.0
2951 37980.61219031365
2952 0.0
2914 17324.857633056894
2918 14999.509291541977
2922 14179.597352411452
2976 37721.819636457665
2977 0.0
2975 244577.39360402068
2979 39468.113076069014
2980 12785.235109571942
2981 0.0
2999 19808.68069425319
2988 3351.0
2989 0.0
2987 91751.14109423808
2992 3350.9999999999995
2993 0.0
2994 8905.128595804892
3003 3351.0
3005 0.0
3002 21065.53634175872
3008 3351.0
3009 0.0
3007 8289.970538188207
3019 3351.0
3020 0.0
3021 19070.50679314855
3030 3351.0
3031 0.0
3028 15580.013066102718
3036 0.0
2995 40621.22032965884
3041 0.0
3043 0.0
3044 45524.97357423063
3034 3351.0
3035 0.0
3048 13621.55863506621
3049 0.0
3051 13642.127770375098
3053 3995.8007421800744
3054 0.0
3046 48672.90052024465
3056 5043.435228108877
3062 3351.0
3063 0.0
3060 7915.093851432924
3064 3351.0
3065 0.0
3052 8764.339022234242
3075 3351.0
3076 0.0
3074 6700.0
3082 0.0
3077 5772.162460251932
3087 0.0
3090 3351.0
3091 0.0
3103 15368.143825090683
3104 0.0
3112 294235.93924434716
3114 3351.0
3115 0.0
3118 0.0
3119 3351.0
3120 0.0
3147 278106.8080875206
3129 3350.9999999999995
3130 0.0
3210 16188.582983871223
3131 3351.0
3132 0.0
3142 3351.0
3143 0.0
3140 6700.0
3152 11885.383763918548
3153 0.0
3211 18963.054858416646
3151 116450.3311343961
3161 3351.0
3162 0.0
3070 9408.319805738867
3167 3351.0
3168 0.0
3146 18423.357643288025
3170 3351.0
3171 0.0
3169 14498.467301956223
3172 3351.0
3173 0.0
3318 10025.056549101222
3179 0.0
3184 0.0
3212 6884.224252311724
3203 2384.8091949651894
3207 6820.346710626728
3217 0.0
3213 136638.80864137685
3215 19191.470514701476
3239 20032.977913294533
3240 1036.5152728427026
3233 16135.519928693726
3242 23595.78722955329
3236 5662.375513041851
3248 0.0
3261 0.0
3272 3351.0
3273 0.0
3306 7200.381746031746
2534 3852.4650058009825
3280 0.0
3285 0.0
3286 11627.274406621273
3293 0.0
3294 26312.797250105123
3304 6701.0
3305 0.0
3331 0.0
3309 3351.0
3310 0.0
3307 7423.220985272003
3321 3351.0
3322 0.0
3278 15798.882044593194
3347 3351.0
3348 0.0
3311 17256.9412498792
2983 1632.6813455206645
2984 1.0
3071 12133.31172134974
2985 1717.3186544793355
2964 0.0
2962 0.0
3134 0.0
3148 51311.81279819543
3149 0.0
2500 3701.567275132089
1252 138578.53188200554
3241 108759.8504795539
2973 18325.680383943978
2974 4303.527123632754
2978 5410.241834270879
2972 3358.416666666666
2982 0.0
3072 10229.794875520627
2681 213530.48252259233
2685 193655.22446628526
2 6439.383667557934
1 3336.0000000000005
4 9089.802651608277
5 5770.097523403149
3015 0.0
3073 16451.164499691466
3326 14065.094254623824
3327 0.0
3320 22211.549973274967
3319 5561.589247145005
3328 13806.902822709319
3323 27798.124833468788
3325 0.0
3324 23806.420764255014
3350 0.0
3352 0.0
2961 22500.002646399746
2957 9871.387175332498
2965 3351.0
2966 0.0
2916 74304.1870115626
2682 15886.670597909406
2684 1109.1859777649252
785 0.0
2328 95452.53014363094
2331 37089.47436990895
1888 68975.11663716935
2330 179113.83015661658
1887 163111.36047220443
24 0.0
70 17773.574592848927
28 3758.5779909055414
31 11000.04759820542
128 42871.33221500166
129 67506.88422894702
73 24707.230253185906
127 43506.135727928144
134 73770.21266663665
104 73341.44058012647
141 55262.00525963055
172 52712.48354066553
161 0.0
177 0.0
234 3292.744270643355
285 62887.616030133904
278 14503.000760819372
284 0.0
288 8858.992848341044
293 459775.936751862
314 57704.39712754567
339 116110.19871528214
354 104239.83304205509
2986 125202.54757388719
355 266005.76874527166
364 104160.86180394016
1192 14490.609788903264
1194 4451.285642447463
1304 7257.757233038458
1442 286838.62143837835
1262 52545.174995099136
1222 10923.094990311685
1443 178553.36199122152
1277 147465.98274108506
1238 37510.68385865927
1257 38948.30398787955
1258 15274.097849437185
1274 71090.08306870573
1285 49851.052366657685
1284 65687.22937950992
1281 4500.314467838668
1283 7214.1948351109995
1373 63828.58014769443
1371 7730.174592081248
1271 15914.190187978484
1286 4456.364532771288
1287 31426.277992099447
1307 46000.23387664572
1316 24839.93074414746
1315 20162.58845197927
1301 19757.553741135293
1333 9957.891215909207
1308 54613.03703966433
1309 60543.16062064677
1326 11160.662085315987
1251 39522.67560170883
1391 15188.421143966416
1325 8677.842404544717
1329 45142.79435165517
1331 35929.28604281083
1407 41713.56696859072
1406 24746.83724212042
1359 38671.10363410392
1394 66129.98343313563
1393 38275.51078380381
1365 17640.738094236458
1369 60256.3285847163
1385 114243.58041072416
1368 52475.45593164685
1541 84203.6186562088
1380 29303.446114313334
1367 5833.987181675522
1379 11731.666891816665
1419 44852.64004414169
1386 79149.41096395413
1420 15951.550105327357
1410 31964.71816248772
1412 24680.23068490243
1422 21937.463067498258
1740 52875.35944262073
1445 168357.90046325623
1464 36457.10146037307
1468 28036.81565063821
1471 6927.09502093042
1457 160597.4264274158
1482 4502.254746486251
1458 236899.30840724736
1489 35724.474846072975
1501 220526.34032045185
1460 24656.377086226166
1462 124865.83787126356
1485 3756.818243499795
1475 58642.188963778055
1282 2145.5486804225193
1472 12808.001256747188
1483 6639.944032582519
1484 4940.822694198571
2392 32402.320477281308
1478 4447.16323468688
1486 3821.9415355377105
1487 2357.7544654995518
1498 6478.690994559823
1505 36787.76666051936
1579 13902.645036068727
1506 1566.8393598508007
1513 259272.82077090902
1538 257335.442929695
1592 34580.68759620336
1528 8944.345609412549
1529 3465.8521122591333
1527 3953.8659891761217
1532 21537.48349481052
1531 29082.462181859035
1502 34391.087711489155
1387 106304.97525025364
1542 32889.28156159985
1548 103317.96331283313
1561 2162.9005624744764
1605 44661.43028668521
1581 8837.53133218104
1585 26998.56612404659
1612 1989.0674378059928
1613 2900.2701720327086
1649 26987.863918184637
1650 7843.116537887424
1644 6543.423638465955
1657 23215.623769300164
1625 16460.131381449228
1659 19527.55638694219
1661 47150.65607236331
2013 33991.8943808782
1670 10929.39002730252
1671 6628.2939471908285
1686 25158.04043462842
1697 143619.4436776039
1688 153980.22846336564
1734 29927.86058111219
1968 63593.824493656255
1803 15628.00307783623
1809 11289.03653758328
1990 199407.47631066496
1850 4327.191437951402
1853 4130.604871939993
1854 3846.8405052818766
1858 7617.003610530629
1875 92147.30052392234
1881 124753.90417401261
1880 76276.55218660376
1951 20249.568428012462
1886 111517.19966024467
2349 21753.716427219384
1882 105177.39698632342
1777 5245.477658477055
1911 4250.8808568292825
2028 221825.53883769282
1914 15547.04862978169
1957 15745.106650865015
2350 50018.420419349204
2354 54875.190729928625
2352 69394.51950908882
1976 28527.217166934464
1989 6216.3712879512095
1996 5493.932764922401
1815 22484.05943856391
2040 31870.1625023834
2010 17563.433944130928
2042 22952.216741031407
2026 622113.8146271931
2027 814098.689896331
2044 3337.9127617976833
2043 2124.3872371474436
2045 1792.1557033190973
2046 2950.573284115606
2093 414565.68855947227
2464 700529.053971907
2459 32095.922893426396
2463 6259.494030093877
3121 35562.87273148329
3128 390546.88569366606
2105 284719.7258771672
2108 274611.407731747
2182 132430.59653150506
2161 174381.14015558557
2173 89810.15633577108
2184 107846.91673119052
2183 90068.66218079643
2247 12619.704493379995
2535 79836.31104214316
2236 31043.7714403205
2257 76645.8996123979
2258 61391.644811251674
2266 71039.34033554081
2538 5079.554218262517
2297 146203.8836606296
2706 63268.13416024246
2296 116974.46450943637
2600 107948.4874949249
2329 391832.6955786303
2353 375779.948990908
2341 34050.45834489315
2335 80771.35656369002
2337 62857.41199690939
2340 63291.308985036565
2362 393007.04421512334
2357 229268.57547601277
2361 243568.43331782563
2359 10442.847642604233
2363 427929.97965133574
2383 142598.8938970436
2384 178512.85585423702
2547 23839.85036808297
2572 6855.748258030939
2407 10291.995716027966
2408 2487.5179423429017
2415 2714.841534116374
2416 2531.0906892247763
2421 4404.689919026404
2461 2547.6803334062097
2462 51028.02672541991
2473 26147.264301969015
2468 9460.291574350673
2491 33631.38745776852
2480 28624.540123582043
2474 41115.792307016774
2490 23570.003895449958
2499 3772.223984166696
2498 3413.9249396200576
2509 12202.859769458073
2516 11023.144473868613
2518 27713.439673148594
2531 16243.296632207841
2532 9805.52185977412
3235 11513.045428991241
2533 4458.545055383739
2536 17440.955044505303
2539 12071.693639186484
2548 19139.02425222674
2549 7878.458074896085
2550 0.0
2551 7983.154341610161
2553 3385.4116991957153
2573 6009.082648819733
2565 19493.802333711847
2557 32374.249275478865
2581 32177.470547410918
2808 14435.531396578506
2656 15096.933118210969
2673 52341.393585830054
2698 0.0
2754 34191.700551876245
2728 5931.995676820124
2746 21514.76015995649
2747 4283.05737203959
2753 7514.166973431903
2777 6406.464484704854
2779 28379.305078647165
2790 38144.8494923804
2788 20342.95301988439
2904 9702.20828922663
2903 13915.597554231024
2817 14844.141053121766
2841 50106.230615757726
2867 13939.394875028967
2925 35848.65822257875
2909 9947.605908414353
2905 4515.542303528762
2921 6513.447613143407
2910 2795.8443642056786
2911 697.8924035523305
2923 11684.537395452684
2917 0.0
2998 24435.356466332752
2996 31563.225246186015
3001 18138.8364419253
3000 19483.707281633604
3006 24959.85514911706
3011 5581.040867155061
3069 0.0
3017 70182.53345279917
3025 50501.744480311965
3079 79197.84300403399
3055 44039.43542091668
3092 9236.088496922366
3080 97572.32847583832
3111 31577.179956327982
3094 77282.30286353562
3105 274641.8575234684
3113 203248.72734786736
3123 28345.774724193176
3122 3356.6001020934777
3125 28972.74359001163
3141 22715.525680804883
3145 40303.285509126326
3187 8029.5952142557435
3188 14594.496607977935
3189 31252.13976284563
3218 21968.828018993256
2521 16690.872197843895
2525 11426.569967590858
2523 6108.273803858385
3237 5889.563410243918
3308 11984.673149004031
1544 24010.334503485803
1543 12787.189963032028
3353 12775.435532089188
1545 12249.951840945401
1546 33503.24329638471
1539 13670.117158574792
1540 638.3922456520636
1554 72925.62852970997
1555 2410.7702920937645
1557 79994.95971319069
1559 39404.63443548838
1595 19696.000593374312
1550 45536.54906799003
1549 82929.93045773206
1551 18712.0328551011
1553 45641.20849315867
1423 19946.616872654096
1223 10889.594299110748
1234 18366.434545844822
1366 27797.755549452708
1744 7691.899410216601
1741 52875.359442620735
1268 21778.91597211722
1789 8655.745443895114
1253 127034.83187769531
1907 20849.233002144916
1908 7917.120219905651
1910 16126.907475365779
1906 7661.690376772085
1328 6599.261419821778
1327 6847.768728600727
3259 85595.49938123589
2522 12167.0424809982
1584 4955.837250792856
1588 18890.08658386894
142 55262.00525963056
1279 68233.53086733949
1269 36419.19840148841
1263 45012.539463782996
1264 7097.5753201310245
1267 16936.652446388434
1278 34869.2965244529
1280 27797.755549452708
1552 45641.20849315866
1701 55509.12422911855
2390 144278.32068847134
1913 3194.7946931264196
1330 20187.93761259207
