0 17108.173243423218
2485 18817.40360056609
1 0.0
744 3418.067614330115
283 0.0
1201 0.0
1574 15674.693398268391
2 20903.873219835736
613 39050.14279054276
4 84163.22626066783
4906 29144.92659783021
427 36978.094558219615
2062 0.0
4132 34777.18325979575
2352 33312.59686147182
5 46341.157520257395
2717 58640.045691808074
4144 53646.45338411584
408 7669.479816017321
3265 25579.919491619497
6 24547.62545510046
4587 26080.027240814732
8 24351.87754190253
4000 71171.64923687413
9 739.4065476190475
3534 10290.680099067602
1837 31742.421185758678
10 983.6172619047612
1758 0.0
11 17015.151719114194
3082 42785.86216561209
2846 17720.50198412698
938 4739.941017316013
3940 0.0
12 1645.2386002886
2890 5709.122345709833
793 48624.504806304634
13 3618.205433455428
4259 47437.605153873825
2546 3579.5160714285703
15 0.0
361 15797.126147463601
16 4728.725810300808
4987 103455.34294663699
17 11633.599361749362
3198 24922.166360028838
2796 59439.270559995486
1217 68481.09030552777
18 0.0
4659 9529.92237900989
3522 34316.79681984682
3081 5127.4386668886655
20 26.791666666666664
1261 917.9547619047622
22 15606.043975468965
104 9465.333026695522
856 33092.45098651355
1530 0.0
23 11825.490661544345
2271 27302.239423770636
1721 4115.03411531279
24 1991.5583333333336
2580 5.558333333333334
25 105476.15233349198
3282 67591.57068070806
3743 44583.7880737317
2639 39294.792616819395
2680 0.0
3549 0.0
1750 1942.75873015873
26 15779.54968364965
2549 40061.31009545998
545 0.0
27 22307.26155164277
3149 7955.282061688329
4363 11743.050829725818
1221 10713.306419968932
28 1292.5106782106782
2073 0.0
31 3233.1753968253943
3502 17221.530669330612
33 26469.493290043287
2547 26493.49329004327
34 0.0
105 3289.2992118992106
3396 11954.06096681099
35 5833.734433621952
4344 0.0
808 5517.134199134203
4347 12163.163311688326
38 43605.583475103296
2138 18581.57111360863
398 8227.707990620489
2677 43751.1875418698
40 26897.33481934729
4323 92720.87176198
41 30136.646645021658
4691 121360.02331973634
42 9869.20567488071
4508 16881.82736222107
3712 26782.442127317106
3210 15328.395046620004
2945 0.0
43 10727.043704906218
746 9951.58537157287
2077 0.0
45 0.0
873 10245.389177489173
2196 0.0
2554 0.0
4802 0.0
2654 15695.064502164478
46 4417.1625
3310 4441.162500000002
47 31870.671358502557
3235 22801.855086580097
2942 14207.543201936944
48 25813.20291514043
2881 36326.01932511915
518 66443.64618020854
49 0.0
529 13862.38988095236
50 0.0
1486 1115.0363095238095
932 12259.33911297033
52 35033.46612415363
3378 25519.316539016563
3359 32511.41569957814
59 23700.597130647202
3972 24014.46138722391
53 26443.696341158837
2460 101490.0746121935
2004 51447.210490898025
4209 0.0
54 25602.237456293715
4435 56312.23252580755
3354 761.2035714285716
55 33446.36881868135
3241 21951.13066378065
4993 20426.36344350094
56 0.0
1274 0.0
2761 13863.295580808013
264 39969.62432567435
57 0.0
2061 12726.589171939151
58 86876.81457015232
581 18461.68732101229
4734 60408.287846181454
1606 19518.66218087469
2497 47864.566937229334
4771 1986.5
3077 369.36845238095253
3481 21460.25367826621
60 36981.88218031971
2305 782.0130952380949
1344 45411.614610389406
2581 37674.647355422334
62 38931.99028887774
3069 64857.91233072456
1403 17189.917730880254
1817 26309.153871128787
63 0.0
4074 20671.73324730829
4862 0.0
64 2540.997294372289
4543 0.0
3219 0.0
1300 2432.3047619047597
65 7536.9527958152985
3558 2543.470436507937
1266 0.0
2014 3401.6339466089453
66 813.0232142857146
4240 0.0
68 3791.2931096680927
96 1068.9176587301583
4029 0.0
87 9312.396554834064
69 14023.427813852812
1845 21324.541022866073
71 1981.0
4722 0.0
72 21344.71000804752
3883 0.0
939 20560.55430402929
830 9158.80358946609
4200 26432.44487040734
2484 7109.710606060612
74 15979.604055666554
1791 9216.146696359208
3526 11967.511616161599
75 45593.18730644361
2430 49884.578954378965
1048 0.0
3485 12579.335089216325
76 18777.241526529044
3754 239.45178571428545
871 91741.30869824647
78 0.0
3969 1366.145129870131
2744 12448.572244422237
1421 12350.404215922963
2609 19674.298717948684
4765 2671.1037157287165
79 42059.785629648046
916 30534.711123598703
1133 19799.230397380386
1446 20846.523352342076
110 0.0
80 14924.100739538208
802 21083.183057914324
81 169.21249999999998
4238 278.3148809523808
4594 40366.66647935384
82 0.0
1860 7398.274884837401
83 29745.579786186023
1463 29769.579786186026
84 3826.585119047617
3841 12185.565692640685
85 1302.169642857143
1136 14978.93893606391
1781 44032.69696414692
3239 10647.238131313135
86 11978.836958874479
1956 28798.01498223994
3714 54992.3796620045
3473 36042.831224739246
1604 0.0
1678 7791.95735930736
88 5432.971199633704
960 41747.48336802088
89 0.0
3247 0.0
2532 0.0
2694 2919.458621933622
2442 1923.752182539682
90 11575.707413419892
1407 12838.79103535353
4755 7716.763095238104
91 149.68154761904762
4534 11646.89139194139
2246 0.0
3046 779.2430555555557
92 0.0
1342 1103.8343253968253
1648 22157.309716672193
93 13493.769942557437
3133 73846.6292866856
94 24986.568731268708
4860 40328.644756632166
3982 4764.3345238095235
95 37988.44622738374
983 0.0
4686 37192.99940198692
4942 22315.61133213195
97 5525.6954365079355
505 8481.679238816741
2365 0.0
3866 2912.193055555555
98 24634.085701798213
3188 10414.16067266068
2125 43544.32710900196
99 19468.94411976913
2331 0.0
923 54720.72053640782
1089 18144.71738261739
100 3055.625595238092
3757 0.0
1317 489.9779761904766
101 36982.47547313797
2390 43934.25294150282
4299 0.0
3331 9625.662165612182
956 9190.709354534354
1018 13065.097377622404
102 5379.560064935071
2809 37153.32265789764
103 16508.030414030418
1124 80931.44309509963
999 36368.858805083764
4282 42831.56465478954
4027 16870.066393328856
3887 27927.13549783549
1121 61887.139674214515
106 16235.619630369616
2058 39379.44353424349
4970 9090.694246031768
107 17216.239839327336
1770 34654.22855685986
4234 0.0
108 11690.987402874907
1905 28209.13027666771
2349 66603.09290431772
4724 14537.7977688978
109 0.0
1465 39568.35317044065
111 29851.19180056053
1937 2559.4488095238094
4520 15554.36220446218
1327 57652.589912171
112 36576.97391219886
4524 68296.83319666445
2147 12637.186421911456
3876 52851.518875568676
113 4229.438714063711
1557 26792.944616494697
115 16761.36472763347
4375 62225.39017163367
4307 17735.706672494205
1578 17007.00601967468
116 50849.57407453641
913 59897.43831307548
117 20719.8736027861
1411 6954.596554834062
3033 0.0
2545 61856.41070318555
118 0.0
3507 46498.74205239207
119 0.0
120 14296.358789821259
764 31002.40889804642
121 0.0
2934 875.665476190476
122 27786.135658785664
2210 0.0
2047 73880.37324758567
123 0.0
1371 42881.37392329883
124 4513.245727189478
2299 4642.295727189473
125 10814.33484917864
1735 26889.1506403318
562 0.0
126 0.0
2990 14461.664971139971
127 7249.555891330893
1366 21594.314861527357
128 40689.68826798198
1697 28723.243867243902
4996 0.0
129 15432.38898185147
2250 76637.79560023345
130 0.0
3930 8452.96186591188
1541 5725.219696969705
1095 0.0
4835 44011.436556499015
131 6061.166797091807
1765 371.8079365079367
2177 19270.271253746207
132 41177.365369352774
2136 51665.61023629135
2894 36957.829531579584
4634 0.0
133 34241.21535131548
2925 44602.95078255082
1017 13826.374057886549
933 27214.90352980353
4110 20215.533247308205
134 31332.415761321994
303 100705.19494047685
135 8450.494606782106
1657 10011.107918470389
136 42717.69019383392
3017 38324.6651161338
2950 10386.5313034188
2725 11286.496891996907
1627 80908.00066461336
137 9012.518452380951
4336 9671.472312409811
138 10732.96921550673
3190 7574.468602231099
1015 12491.828213453216
139 0.0
796 10318.647408147404
140 10853.434794372279
3051 7933.430050505066
1920 5124.229816017325
142 10488.726705239198
4647 15600.421969696967
1313 80421.71266372544
2278 26013.674753024818
143 3185.657106782105
2126 4410.0572594072555
3659 17296.95598568097
146 7645.521266233795
3336 19493.609174159177
147 1221.6441409897293
345 11568.82622834682
148 17752.871356421336
4526 17776.87135642133
149 97.31666666666666
707 12534.401327838848
150 293.35515873015856
2840 0.0
152 1191.8327380952383
4154 45876.330738011915
2322 3528.8198232323143
4228 8564.18906024533
2204 5233.740476190474
153 9054.762884337908
2982 0.0
4077 7874.775979575992
3394 0.0
155 31506.136007048604
3612 6628.523466810978
3457 20022.748831723777
262 33113.83973746844
156 6947.903571428582
1871 8167.396230158724
2396 0.0
158 0.0
4418 35212.28530497277
1246 8330.041361416372
2567 26156.586814574293
159 0.0
1656 67979.292844084
4550 0.0
160 36995.07337841887
4716 38220.352125896905
2681 100735.10230366058
2151 5521.937680375188
161 22524.39981407481
4410 43879.80068542573
162 13170.83452380953
3902 37012.430400155354
164 30981.17018814518
2610 10439.083609446123
1387 0.0
1607 55813.75489232972
165 5172.932539682542
166 2864.5643190143196
1248 63631.00915265288
515 5105.86820401821
167 9870.807073482063
3847 20588.118241480726
168 0.0
1705 0.0
4302 40397.464366189284
169 44247.82941225428
188 29761.45266816524
4088 59274.71938200689
4103 0.0
1988 40280.488693251034
170 1959.3035714285752
1321 0.0
1454 0.0
3958 11899.15468975468
172 19571.01913364409
4819 10898.689105339112
3106 6710.330028305037
173 14922.434650072157
1016 50064.06422188908
174 49762.25041070018
414 17555.91701215449
3094 118469.39147045829
4099 31802.073774142562
175 1189.212355699856
2388 8694.080393217879
176 9499.00764790765
4488 16303.030042180022
177 2011.5
1513 3367.7666666666664
178 0.0
3243 10612.234650072161
528 6486.454184704201
954 38699.81867756415
3596 6272.55583721837
179 69288.93604034842
3242 72424.20276153582
1210 33778.36972749476
1150 11903.042012154481
180 0.0
1903 0.0
519 9898.32559523811
181 0.0
1523 18220.399855699903
182 497.9757936507936
3554 3090.9698412698413
183 63464.81883671871
1996 31552.88564491064
1506 26743.71347125096
2436 20348.2269064269
3377 47379.759681984695
184 52512.5965069653
4613 102478.33358169637
185 6326.916071428571
2810 11282.632298257306
186 12575.767640692646
2444 60192.874533105685
4926 0.0
214 3930.799511599512
3254 0.0
4574 8387.767902930407
187 11527.330883699598
4037 22580.092818292902
4807 52638.73015595488
4243 0.0
4570 0.0
189 25551.21633921636
737 46098.595419857826
4365 9638.492081529579
1149 11232.037565212575
191 1551.7520909645907
2475 3830.7369047618977
2325 14980.941568154076
192 27015.784416971856
4010 81302.86656537915
193 8100.940277777806
1582 18281.090205627665
2636 62012.63387445878
194 18684.60709290708
3761 0.0
1876 17405.79746225994
4810 17539.85594095443
195 3590.066738816739
1908 24189.326430513942
1691 6787.271979409477
2576 0.0
196 16915.05306637802
4854 26945.024801587315
1856 912.8178571428574
197 10146.790386002876
4324 4025.262734487732
3672 12824.471441058959
198 52640.70561660572
429 44358.38890553908
4614 12041.354409479376
200 0.0
378 2010.0
1142 1.5
202 56765.43651140493
1471 0.0
2675 74118.38188963816
203 44851.842379842215
1469 18974.186904761904
3290 27819.500599400577
3255 4912.642510267506
204 4138.456385281383
3953 28324.276199494918
3314 21792.02855339105
205 0.0
4599 2010.4999999999998
207 56069.76656399161
1848 25055.384920634904
1069 40942.39692113447
236 109759.5433275059
208 40227.829180541645
4450 56571.84671578415
392 0.0
209 1736.3409992784996
870 17787.637566600097
210 87797.70152208899
1695 61138.1250055497
4930 44484.45039682531
3583 35618.38910117666
1153 11459.081619769117
211 31629.875438858468
748 37344.432999353536
1079 1258.2857142857142
3027 56902.83246614478
2716 6160.469534632055
4369 0.0
3702 31541.688757076274
215 38148.59953567661
3479 2128.272420634921
1256 32138.16937694655
4050 0.0
216 5142.969678932193
3448 12199.975126262625
217 0.0
4597 25314.840188977698
240 10516.016021478514
218 30909.27079032082
3398 18578.229063991545
599 19229.131053668556
219 10035.282142857151
2471 3718.4434523809487
1714 8565.053986291505
220 21725.838795926313
3227 0.0
1816 19602.312010211997
798 3451.1837301587207
221 0.0
2124 5945.688263125776
222 0.0
687 44015.321941253154
479 27083.177210289745
223 54747.49717920945
224 43764.025437062926
3948 4956.9650793650735
4902 24343.084185259166
225 0.0
4896 0.0
226 34562.605284299076
944 15595.808973665204
4578 30113.358295177037
4653 8358.245426795449
228 13855.22499722502
4423 24523.48986915864
229 31449.501531801558
1170 11778.160747014404
2321 7605.409876234897
1733 11306.961867299367
230 4966.82727827728
4837 25723.2864579865
231 12747.987684537688
4147 13641.036097236103
232 0.0
665 10181.833928571441
3740 3763.460714285714
233 29144.25393079142
1343 14928.470368520295
3854 42535.84911616149
235 7158.4237970363065
4049 38688.62331418583
2377 5985.88086774338
664 0.0
3482 62616.51946872573
237 61121.363553113304
3185 56836.23928710167
1477 68442.87592448397
1423 17608.104773004783
1836 30882.438315850737
238 15015.009250471725
1438 12734.663256188278
3973 31622.17378316125
2116 0.0
239 45232.624163336666
743 52610.17614746362
241 36262.02763764014
3135 37670.15469946727
2683 0.0
1425 19625.407133144636
4054 20905.91049783551
242 2250.715659340659
4390 120.08630952380952
1277 76154.77584429468
243 43088.2608814797
815 13859.049711399712
1631 88566.34770021665
244 26085.700653513093
767 10329.316322566345
2786 45591.41264707503
245 39082.80694444441
4544 23188.723777611314
4499 18753.87832029082
247 3935.4500541125462
1203 21989.61303973802
248 15742.050122100105
4079 7347.631417193912
3903 9427.67012987013
685 3480.6077491952465
249 0.0
3856 16142.579599567081
886 254.35257936507935
250 50506.8272990896
2734 50694.68162115648
3620 25899.02911116665
252 0.0
1806 65461.72893911669
3882 11020.32083610834
253 40477.72467393707
3646 28286.046257908765
2001 18944.476075313585
254 15773.67421606168
2423 28699.987899600328
255 27186.853764291318
1169 2179.8145021645055
4766 21652.398785936282
409 1987.0
256 7665.014231601732
4436 15261.407399544898
257 14532.380380730361
258 22526.041576479016
4690 72173.9798465422
3525 7286.53757423132
259 51341.60827505808
2705 52342.08799117531
2224 16385.89557803309
260 8938.03962842712
1047 23002.419246031746
261 0.0
521 13511.283954933935
3657 6992.72716450218
2584 22323.554295704296
4658 16543.087923596035
3222 16395.520467032973
263 12760.201875901894
2938 57751.14102702835
3347 21910.35350066604
265 24342.275850538324
4956 28747.95929209677
266 0.0
4116 14109.72387265512
2597 8068.634701409711
267 3020.120634920635
2429 0.0
1284 17547.02066128316
2374 16580.21741452993
1229 13861.845039682512
1093 15638.012391774919
2665 973.6650793650782
268 1418.0857142857146
3035 984.8906746031746
269 956.3392857142857
1448 2189.9156746031745
3264 776.9236111111111
270 0.0
3739 38327.50896603397
271 0.0
2808 1440.9922619047618
272 0.0
1151 12011.607088744584
273 0.0
4747 16627.80580808077
2415 48184.751221001155
3091 2493.077579365079
274 16088.72505411257
310 20230.280577755573
275 1010.7786976911982
4911 4194.5540223665175
276 9769.495994283494
2231 9444.6815101565
4274 1250.8249999999998
277 37585.52327672326
2244 0.0
2640 48270.40475288595
4957 41435.444355644395
278 3538.648670773662
280 0.0
1182 19183.658867521357
3154 11981.80941558444
281 5597.125853313357
282 38027.11476578976
4360 40836.943337218305
285 31128.561759074255
1034 45461.42361111086
597 80481.15167610177
286 0.0
693 51153.78976023963
287 20347.285858585867
2923 24508.632287157303
288 0.0
4617 28976.932012432095
2898 7307.562572150087
289 14192.822534410037
4776 0.0
2833 3085.6566558441573
795 20997.166491147724
290 0.0
3793 3682.403174603174
291 13855.694239094228
4068 11068.21781413032
4880 39097.012361249705
292 19032.635540848
4712 50838.12305819185
1147 36163.58067418687
293 29994.850419025417
762 61977.96264013756
1925 2935.045634920628
3615 43487.794826415506
294 4793.24880952381
2214 4824.504761904763
1710 18941.413517038505
295 12783.516455766427
2946 0.0
298 1237.9293650793647
3710 1030.0791666666667
299 25591.747100815846
4352 25615.747100815865
300 32726.644887057464
3725 40963.53770257511
4518 22325.441264291247
1540 36332.56283022531
301 5699.631372793878
650 14565.321342546344
302 7195.373848373861
2403 33981.75713522588
1159 5393.839721389739
3993 52745.63236971354
4370 101696.88378843384
304 0.0
2493 1134.440873015873
305 19343.729686979706
3266 28451.327489585652
306 78566.4874368691
1410 0.0
4720 31737.036198523627
2175 22487.557982295493
308 10741.242639305152
704 0.0
364 36073.25805860804
309 1445.077380952381
2758 0.0
4372 349.0823593073593
3771 14883.28321123317
2710 25158.842429098662
1950 16887.783988233976
4830 27129.353146853176
311 0.0
3179 20293.110955710985
312 8837.219409756939
4359 20886.196131646127
313 52889.61031884773
888 41856.16246114995
314 1016.0198412698412
2243 13599.520483682989
3550 29122.980556249295
315 0.0
4265 6621.048214285713
1509 8538.310765623273
316 368.78106060606126
317 110675.74631479681
3425 54578.36347471963
4403 98075.70879190318
1879 18524.02060439562
318 6407.434081196588
1122 16388.684344821777
319 5576.049062049071
3474 8897.325847763352
501 0.0
4774 542.1635281385282
320 43484.086002885786
1055 48945.70899794628
1213 6505.397276334778
321 6787.493413530931
4568 18382.540215340177
322 73740.78572607973
1110 0.0
4191 92884.08271381426
3726 18764.46650294152
351 26713.847612110083
323 70737.32059329565
596 60015.618903318864
2380 72659.35228243981
4567 16229.338346375856
324 0.0
4266 0.0
2977 3.0
325 527.7874999999999
671 9365.085064935061
2026 1931.3815476190475
4422 0.0
326 20032.064321789338
2629 3540.8658730158736
2845 27327.655871905812
327 21178.601984126995
4641 33007.7988164613
328 16387.535163447646
3855 30177.94564740815
1919 3872.237500000001
329 49248.08785936265
1435 18569.418979631515
371 0.0
330 14289.647637085136
1761 20572.574217449226
331 55493.6329778472
4205 58379.158351778824
3927 7831.435786435799
1654 50644.86889846256
332 32549.43500249751
3510 19727.41100704848
333 0.0
576 8374.35815503944
1092 30434.034822122452
2555 821.2083333333333
336 157128.1991820684
797 62797.72685370189
4805 62829.94290084905
4125 41900.84988761243
337 20813.55121267621
3811 34445.62566738817
340 1.0
2935 0.0
341 14130.611380286355
852 8041.1799755799675
342 35009.84759823503
2525 7295.179159729175
3679 8323.784072871575
990 11266.593668831167
4478 33779.06252913749
343 90123.44927474494
4155 31479.480514624185
4533 27837.052302558546
1725 100889.82248805172
344 544.9099206349206
4760 4.5
4928 27675.917508879957
4062 14014.066920987518
346 88029.02149655917
2888 34776.933032245484
3950 24728.12626262632
549 61082.72255799739
2093 20632.07244144744
347 5230.065032190034
348 6493.2727994228
1882 18311.985005966264
1608 3472.10153457653
3843 54626.726720501574
349 17818.719284881765
3776 0.0
3468 1048.5297619047617
467 0.0
4459 15279.422931235464
350 772.0613095238101
2813 0.0
2625 26737.847612110094
352 6568.624721112223
907 26661.767125929615
353 1782.6279761904773
354 0.0
855 195.09543650793634
542 2008.9999999999998
355 965.7103174603167
4952 1110.4827380952374
356 3245.0805735930594
3169 0.0
1839 40059.46747974247
357 728.4240079365079
2606 12637.91644327895
3365 62938.27431665556
358 66014.19342740605
1063 39110.31282745036
1082 25008.833838383853
359 38629.23797175046
1399 23396.954399766913
551 118241.40796009554
1679 3073.7596112221104
360 39201.96305916301
4868 0.0
3405 7812.165927128455
516 13677.049080086586
2481 1114.0426046176044
3503 57837.949082861596
29 0.0
3899 1273.9593253968246
4908 37237.899558774545
362 24553.31065323566
3295 39415.69939088675
363 16465.42786380284
3572 152646.35968475978
842 47025.81649322896
2877 29728.783103008092
365 13017.720833333358
3786 4906.644696969694
2382 28834.480860805797
366 18598.26238622488
942 3615.9412518037484
3420 14272.815578865568
1942 7081.815029415027
367 1.0
1912 94.57499999999999
368 1504.0907467532463
369 723.2785714285715
1050 12170.209582778325
370 45687.43171411912
682 1697.0894841269844
3125 36400.64774114777
4954 54768.58198468185
372 93351.47082778337
446 82873.96526390298
373 29120.52403984899
4858 53193.840638527996
374 18007.195436507936
4608 0.0
2666 14797.148340548314
393 10525.546879509378
375 29075.27933732935
3629 48291.020471603566
2753 7747.243867243875
376 69977.16730144847
2657 36452.47306235424
3195 16634.155699855703
377 72.20357142857142
1736 0.0
4811 4902.10018037518
4255 11857.896302308793
379 0.0
4254 2010.4999999999998
380 2351.8212662337655
381 0.0
609 40463.47266622258
591 0.0
383 0.0
2248 2373.415873015873
3430 3974.0
384 29183.526262626274
2276 81481.94819110616
385 9266.466901154427
386 0.0
387 10334.97092907094
1215 40991.91518897755
390 6063.694388944388
4513 0.0
1318 5871.257087357084
391 32177.27250943504
1953 0.0
4283 24818.660568598076
623 0.0
2357 1432.7333333333343
2492 6267.488546176046
1621 11417.470039682546
1872 52.916666666666664
394 0.0
3161 3322.043398268398
395 261.4047619047619
948 3973.5
4968 35038.25301504046
396 10928.991630591645
1236 268.5682539682539
397 2012.5
4532 64024.54668109653
3807 1916.0169552669552
399 4453.674962537463
400 36966.63620892993
1514 56108.486371961204
2065 35740.5475982351
402 1256.7684523809523
3001 5232.866483516484
2265 19037.421085858572
1381 2.0
403 983.0396825396814
1555 1137.713095238095
406 42168.66171328677
3218 59058.12500832501
4382 22583.058789821305
2039 81407.397465035
2517 0.0
410 15691.885651848135
4785 0.0
4909 18500.69771894769
2051 4167.200721500722
411 0.5
2131 0.0
412 6819.8456654456795
413 6919.523250360759
3586 1532.1476190476192
4428 45711.2415112664
2304 4449.989217726715
1376 0.0
2952 7942.967388167396
3661 1383.5448412698418
416 9858.474080086564
756 9882.474080086577
417 59063.053808691155
3115 30478.310837773344
4223 26197.542728105225
418 0.0
2612 30386.301764901807
419 4811.854978354983
420 15712.572836885309
4780 9582.613690476212
3437 51388.26036324772
2010 0.0
421 13396.640390165388
2356 34399.08021700522
4973 22209.690631590627
422 14940.766533466507
909 20285.397936785448
424 17375.18255772002
3246 45793.17593101347
1659 7586.901948051969
426 80955.76128801783
2866 0.0
1784 6208.506385281387
1505 0.0
2726 5920.868879731384
2802 14054.461736180447
3520 23530.744878732374
428 0.0
2741 1986.0
2499 6479.17454906206
1038 20023.03948967701
4402 23456.12411893663
4900 53720.80788517025
961 41972.50559163058
3553 51201.621531654484
2674 0.0
430 17704.461201298698
1372 11274.834294871802
1466 25857.92328227333
2127 14657.082738095249
432 0.0
2814 8879.488507326005
558 20194.05880230881
2715 124276.00729172824
433 3379.159126984119
434 16338.62784992784
463 0.0
3808 30796.449720132838
435 47557.443775668726
3770 76228.23423867823
2871 1986.5
436 0.0
2294 747.5722222222222
3107 39404.22869769119
439 22617.484632034568
1242 50224.75606754356
2941 19994.345346320308
440 82090.17965992357
705 21010.13761100014
740 147550.9478181541
442 34564.083302808285
1235 0.0
2983 24825.32437423687
2839 7271.062499999995
443 33860.88678347792
2496 8639.483279220782
2490 37943.777163930805
444 11644.068492618479
1826 0.0
1458 29026.174816849845
4489 10565.960063547565
445 42559.104725135876
4496 36115.43411519031
2955 18926.741865079322
447 74025.28484709733
1963 14207.58468059718
1883 0.0
3043 25176.462662337686
2198 16989.97906191031
448 27823.719717782267
3340 12200.972291597292
449 3601.5914682539665
1297 24144.892766955276
450 497.1230311355311
2533 37451.10081585079
451 7382.640552503069
4321 7406.640552503073
452 0.0
742 0.0
453 15928.928646353635
3348 10865.443284493294
454 7416.153286297032
579 7440.153286297032
456 0.0
3206 14068.522943722961
457 21718.912896825397
4581 12748.192803030312
4452 28046.29139818512
1080 28434.120689033207
3104 12978.154997779977
458 105287.98257437047
1362 98938.9655025532
2739 0.0
4268 27454.325029137508
459 2619.4675144300145
77 0.0
2183 0.0
2957 0.0
3632 55917.60664058143
2807 57627.434811022205
460 25577.278131590716
2883 10755.806709956703
4221 27868.97635003892
462 14990.007857420343
2000 52440.93026209888
464 13353.393815906287
4472 17419.699310411776
861 3093.73472222222
465 6753.884171384192
4160 0.0
4915 1081.6111111111104
627 3413.1139943389912
466 237.2380952380952
3020 5236.59448051948
468 34214.64178182928
2916 24451.262259962292
4687 44404.73263680764
469 0.0
614 72056.58606601736
1944 1.0
471 26282.029116716596
2847 0.0
2179 41103.6221903097
472 26102.632413419935
4577 0.0
2043 25020.668127705645
473 0.0
4258 1261.1126984126993
475 0.0
4744 7433.926140526154
1197 31688.83159756913
480 8444.715254190267
1305 0.0
3935 63000.81895257507
481 4817.158503996008
4814 27675.818258130785
482 32581.026663614222
1875 75825.17475718731
4042 19955.620163170148
483 15620.4686327561
3880 24005.74998196247
484 874.1732142857143
732 2885.6732142857145
485 14200.412347374839
3842 27753.87951770451
3361 46444.42773060273
486 13231.302188089667
4670 18348.009174159164
488 22176.678571428554
2298 590.3583333333338
3537 92339.06042152291
489 15067.74637445877
2286 4956.909766622267
2399 19315.744140581628
490 71145.25530649912
491 28475.229184704156
4179 12024.977904040414
492 4941.7248015873
2326 352.27182539682553
493 4641.904761904758
4994 0.0
565 0.0
1740 0.0
495 2226.5025252525256
3260 25275.264786602325
1045 4748.635057997559
496 28802.856019674753
2607 23196.01694139195
1596 30277.583575452405
497 11773.669552669531
2956 4495.697309634814
4327 9284.38381618381
498 21882.46678044178
3923 16928.59448884445
1701 29104.768793706295
499 15318.879960317441
4560 8333.38672854924
718 41865.75400571651
500 8043.0029220779215
502 0.0
4176 0.5
503 64697.255785595065
532 46874.03658424893
506 9182.719101731602
3690 3056.2500000000027
4833 7233.1468795093815
507 1383.0598887223912
2110 6913.373541736044
508 7623.387347374858
2417 66241.13407842156
509 0.0
3480 17572.051953601916
4298 3622.3508297258254
510 12088.156444943963
1131 15476.39926046176
3563 31093.9106393606
1930 25688.3813880564
2574 5287.64828643579
511 13491.902316433569
3024 9581.00145548896
2961 21025.513151431867
512 2800.740659340655
514 21997.12886557886
908 22460.576454101432
4046 953.7226190476185
3749 42680.841412753776
1660 26950.514939227454
517 33235.43624292362
989 55742.715377677574
145 0.0
1369 19479.837391774865
4415 20362.90164141416
1303 43483.53767205016
3745 63632.05937534699
1329 20374.79131146625
1085 46665.310528360395
522 7914.372510822513
4433 19011.52951631701
2903 5399.1902000777045
523 48512.012605450014
524 22020.739187201725
2769 6907.976154401154
3270 17325.8474442224
3608 38193.178866272545
525 0.0
3274 2755.3345238095235
526 7290.7480935730955
3681 27000.25516844269
2811 1297.2827380952372
504 0.0
530 39339.95146242654
2979 11859.785660173158
2804 24933.801807914362
531 18335.539922577424
4505 2036.7476190476184
2370 25332.07537878787
3038 74685.49986541254
1043 98324.94271076225
533 33058.78598207351
3256 127448.17759324022
535 86270.32398753232
3893 44019.34451700254
2261 16148.091525141483
702 47943.11367313232
4225 69185.22790750918
536 49693.907894148026
1726 70654.85693383412
537 8178.779563492067
3539 8944.187301587308
538 2010.5
1033 10679.36088078587
834 12348.020372682853
539 10365.071364746349
2700 0.0
540 570.9369047619052
688 0.0
541 69258.17221181608
1450 117954.14769189167
4838 24103.08374125872
1728 2307.11746031746
1223 595.6378968253968
3158 32396.21004134753
1338 11947.41587301584
3073 4313.661111111108
543 14198.073212898198
2882 23269.881860500627
920 21017.163784826287
547 816.446825396826
2158 0.0
548 74603.5904627236
4593 8315.7311688312
1857 33916.67361319243
2163 47373.45810757866
747 49904.267417304814
2076 22606.142626817607
550 76074.30747169496
1933 2376.6821428571425
2459 129211.12576173873
826 0.0
2053 55490.51817071815
4640 0.0
927 125460.36375568892
552 0.0
1980 11890.257539682549
553 22976.309072871572
2824 0.0
3134 75583.9997384562
554 5417.023088023081
3500 2883.329365079365
3955 571.1937229437232
555 11057.70027264402
4565 26052.507858807905
2521 21675.07149378398
2887 0.0
556 21956.400667388167
1926 30767.42197108451
1237 4081.216937229435
1146 66039.72405927397
4611 954.7900793650795
557 0.0
2571 1475.0928571428572
3913 16901.238861138838
3962 30247.579040404045
559 0.0
811 7510.59895382398
560 21054.863425463427
1923 51964.11012043519
4345 79314.05161505136
2797 6151.691774891769
561 2010.4999999999998
4874 7161.255699855698
563 16337.55542443667
772 13501.390354090354
564 21286.082990620478
1451 50236.3504592627
566 1420.7198412698403
3351 692.7853174603174
567 5580.934605672109
1706 1725.1404206904215
568 26327.014880952414
4028 4060.5142857142805
1175 6469.041071428571
3849 45338.03935925176
1365 20267.256257631238
1412 19625.228668553682
569 0.0
4034 0.0
570 14967.2536088911
3896 14819.080658230658
694 43173.894893015546
571 783.3575396825396
1585 2793.8575396825395
572 10029.223394660927
3422 10053.223394660932
573 30416.2362026862
2704 72639.46839728918
575 0.0
2272 23122.339299589305
4680 6082.044587357088
3416 3254.6044372294373
577 1803.389285714286
4710 12030.957627095113
937 71864.75305805317
578 0.0
2206 41020.096348096224
4477 129712.97763747754
3152 47789.88933150188
3409 16071.644540875765
580 19958.44956016205
1927 5103.532352369847
2474 57770.90720113213
583 4066.0749999999975
2550 0.0
584 28441.475865800945
4990 10615.079362304361
3493 25415.506440781428
585 0.0
3458 13335.956061993536
586 0.0
2181 0.0
587 0.0
2841 3565.5821428571408
2330 35526.58394938392
590 24452.7036130536
1259 11173.496896159384
2068 16341.33171828168
594 8617.872821622821
2930 18032.415480352967
595 474.22083333333336
4674 1239.8517857142842
1936 24627.245861083356
3730 107142.78570734826
1827 927.3642857142856
3617 0.0
1667 43176.67949827935
598 35161.79659368412
780 14525.239009601459
1609 21181.152803160832
1488 23762.02850205348
2381 13352.690223665188
2632 15442.562204462209
600 174.6345238095238
4404 10213.707810245307
601 832.8154761904756
2314 0.0
602 16824.255433455433
3164 23028.761223498735
672 0.0
604 0.0
1026 436.83194444444445
2931 26640.83618326121
3906 482.5176587301594
2907 0.0
605 42625.87929986675
3618 16523.650198412666
3678 45379.87591505708
1756 10172.281887556894
606 37641.09287795541
4726 11180.317446442443
2578 8564.93486513488
3753 17888.56933483179
2658 18830.33798007544
607 25212.66078990455
2800 25236.660789904552
608 0.0
4466 0.0
4504 22316.76718975471
2679 58618.61457708942
4349 24860.566426628928
610 1161.8239538239534
1531 1289.9934884559905
612 17815.16843989345
4377 17839.168439893456
1279 792.9891774891772
2160 931.3017857142848
3545 46647.94686008423
615 717.2668650793652
3006 0.0
4051 0.0
114 0.0
616 2651.3884740259696
617 15994.085291097757
3630 4388.758146020638
4389 1591.1960733710735
618 6791.628087190587
4630 27284.846281496233
620 12515.828213453206
622 30156.848026973028
4542 106500.99738815159
624 4837.397985347979
845 20366.112234987246
625 25744.284301809363
626 3131.8828463203463
1233 9411.84233197358
628 13336.280808080828
1966 22461.88090936838
755 0.0
629 49001.71101953586
2016 49381.30811480155
631 53418.26352813855
4064 44106.7023060272
632 34114.76110556108
1884 22979.38968392716
633 13617.630866355836
4048 11269.449828643592
634 10010.355939893438
2340 6292.502623765122
4152 11611.429831279838
635 0.0
4412 32792.681329781386
2212 2769.3761904761905
636 0.5
154 0.0
637 457.7769841269846
4738 0.0
638 5991.906329781343
1087 32130.18546731039
4682 0.0
4703 17421.41144272391
520 0.0
639 33107.30723512602
4621 377.4767857142859
4417 90542.83670773687
3025 7674.176870351875
640 41683.02824120304
4287 1986.5
2264 19150.71172299923
3491 52036.08842546349
641 0.0
3566 54229.686433011404
642 33386.318439893395
4102 11588.110515873013
4035 27246.491257353755
643 36705.69279331779
4939 57107.480494505464
644 2198.5085317460316
645 108992.07815934128
4522 54230.31241258745
701 22867.604635642143
3760 46848.29000860232
1896 34149.44211621708
646 5307.954599567099
2893 7745.383712121231
647 31181.15703324451
3056 28843.38989898993
2007 21828.331840381845
1822 0.0
648 15341.161328948825
3803 40201.65921578422
649 11388.503246753246
651 27447.00718031973
1440 29078.055665168187
652 9912.512639443883
3627 13869.189909396147
653 21916.805284992795
1907 21940.805284992788
655 32899.2807165057
3834 8215.041143578663
1163 0.0
1231 32136.8143634143
656 14590.06222666224
1522 0.0
657 0.0
2691 0.0
1196 1.0
2727 743.9297619047618
658 563.8202380952387
4247 0.0
660 37943.63585442334
661 220.90734126984103
2638 0.0
1286 862.2595238095239
2021 8778.249404761928
667 0.0
4773 965.205952380951
3346 6048.738888888872
860 0.0
668 13212.566905316922
2229 23947.05987068485
3071 7880.570147907662
669 8429.660642135654
4124 30512.455974581026
3432 12651.38088023088
670 15732.303184315642
3852 34930.1571151072
4684 28409.490216727743
3879 42108.03081918079
673 38190.33552558554
2687 18735.855837218325
674 15950.28731546229
786 11821.025645596197
675 8510.147222222262
4395 0.0
676 10253.95047452547
3898 9852.62395104895
4492 12585.046708846683
3513 0.0
2836 710.2892857142853
1559 10147.418857531347
677 26289.051082251106
4631 39602.71422882669
678 790.5365440115432
2891 2219.3602813852826
679 1559.4449855699859
4134 28695.666192834895
680 15156.413623876108
4575 6707.729458041972
2905 50430.39125457863
681 16071.158368020862
851 36485.04675740912
2082 0.0
683 14535.041215728712
1036 14559.041215728714
684 67732.13964923969
4759 39885.33148240648
1161 58771.52561743791
686 0.0
2320 24501.35919219669
1247 1076.9960317460318
1413 47257.384242146654
690 27397.243460705908
4133 25719.230243367732
3193 8021.506823731826
691 3952.1892316017306
1188 0.0
3395 28901.904924242368
1400 0.0
692 1986.5
2341 0.0
4583 33722.73843864462
3848 29563.232041569503
2324 0.0
2536 27411.433945629557
1097 4585.774603174608
1290 47958.08409090884
695 23947.648370910163
696 467.04051226551223
895 10306.853223165712
976 1706.6849747474748
3030 4173.948121323116
4470 0.0
697 7894.266208791216
2453 24941.403929403925
698 2396.993740981241
4291 9428.448590298594
699 0.0
763 39221.63177378173
3532 22285.098792873785
700 3253.215367965372
1977 35103.91372238876
4288 2180.936309523809
2435 9212.6368131868
2816 105879.77199536595
1774 16129.338374125835
703 11091.700595238095
950 0.0
2564 33444.607237207245
2465 21034.13761100013
4530 0.0
1520 14746.675341325355
708 28113.566860916842
4932 41424.73785658781
712 8178.52647907649
2503 12603.294567932058
713 9691.485676823178
2730 52172.513504550814
714 23599.035954323506
2152 60241.32473706835
715 803.5008033633034
1535 0.0
716 0.0
717 4222.477777777777
2412 3969.671717171717
1024 23917.280772005754
850 7799.507341269839
401 0.0
4701 135893.26520909707
720 0.0
3590 0.0
721 22832.305068542555
3577 22496.57352092348
722 0.0
952 2258.7244047619047
2608 0.0
2664 1038.7900793650792
724 61447.1789321788
4899 65172.60103923863
725 6536.8303724053685
726 6127.043470418481
2750 1961.7936507936497
4229 13072.712262737257
728 1308.7263888888888
3788 24175.86198107452
729 8032.224476911993
904 24687.176683039124
771 0.0
3364 0.0
730 25489.826665001678
582 0.0
2515 48578.41418858903
2456 28036.937715062737
731 1350.4869047619047
839 12105.531132756112
1539 7593.141868548135
1820 31864.61529997781
1587 8.0
949 9556.459212029808
864 2415.509722222222
3582 1790.3204365079364
733 37098.839912864925
3619 28171.367612942617
2037 56869.71191169939
734 21029.08559218554
2899 18311.360506160476
1263 21308.286199911185
3798 0.0
736 0.0
2566 43755.42272380397
4256 321.79781746031745
1819 33687.14473581974
774 31544.927695915187
738 106116.76001221043
4502 58551.77035880787
739 81039.98680763696
4866 21432.04635434006
3251 24457.191387778887
1928 0.0
3555 41235.19859278782
1291 12151.979707792192
4101 77797.15299839046
2646 1987.0
3326 29054.502489177434
741 27958.1472277722
3250 11312.054635642146
1782 0.0
1495 44532.57574925069
4204 47053.965892440865
1511 25782.4829420579
4180 6544.624721112223
745 1601.0795634920617
4457 0.0
2358 16969.74985569986
4679 14138.514801864823
3850 2580.2841269841265
2033 81386.80570818091
935 35484.5184877623
2772 46457.139633976956
1200 2140.0214285714296
1556 16899.025617846215
749 0.0
750 25452.541761016808
2924 20257.36636419135
751 30018.662751137723
1818 7486.046019258514
752 7115.561724386742
4673 11273.417496392474
753 45549.34015429001
2862 8147.619659507158
4736 7752.676911976926
2855 32789.606035631
4821 8373.592568542594
754 16472.924368686832
4573 42223.05049395057
3439 23798.112703962724
4031 53.45595238095239
3148 7640.987451437455
4528 9346.90402236653
1244 1505.5525793650788
757 15762.453642191189
4387 309.12619047619063
4013 10295.408982683972
2480 46596.43152403146
758 9213.040916028422
759 0.0
3112 9420.112049062078
760 57729.33305028299
1434 50892.11196164937
2410 5551.874765512277
3300 17090.82070984571
3755 7316.067554667573
3144 16286.189201076731
3988 8613.73528138528
765 73447.2125235875
1924 0.0
3320 8910.407786657803
2858 23033.730171217634
4510 60228.81543179027
766 4385.4331883394325
1668 0.0
1352 47455.81797646778
768 0.0
4405 29497.18098013102
769 15119.717071817066
819 85948.63143800669
770 5786.205667943167
3021 31308.614910089884
3724 132455.0074481083
794 7475.718145743171
1516 13014.925245587752
773 0.0
3281 50068.39996392494
4905 693.7059523809525
4856 20171.245253357734
775 2837.4511183261175
776 0.0
4848 524.7875
4914 39265.36817488058
3308 7575.3374999999905
777 0.0
962 4184.715674603174
778 0.0
2560 0.0
779 1538.4942821067816
3400 5738.620436507954
3782 28457.067525529987
781 22074.847348484822
4326 40628.60364912858
782 18131.49732350984
4333 20723.174993062494
783 6320.374025974032
784 0.0
3175 3351.0519841269843
785 2704.3769841269864
3367 1504.1404761904766
2912 3376.137932900426
1135 26033.048522311066
787 4339.582972582974
788 24328.458408258408
789 0.0
4295 21038.130787268292
3914 1.5
790 3125.5333874458875
1014 4915.824350649351
791 64803.007797757804
4157 55411.75934065929
1564 33006.10114052608
792 22083.065313852832
2940 12850.698611111095
3226 4500.552380952381
2025 33106.91926684425
1902 53029.0827908204
1267 21727.259383671953
829 58304.377179764626
1813 19088.22981601732
2703 1379.918055555554
438 0.0
3737 15777.09897602397
1072 0.0
3000 2961.9666666666676
799 1406.9202380952381
3589 32356.170321345366
800 698.8863095238096
3580 0.0
3706 21087.510898823355
3462 28593.202867271557
804 713.040674603174
1617 0.0
805 16660.162101787115
4398 37835.78536602279
806 4562.993686868687
823 51140.731576756414
807 272.0651515151515
2119 0.0
4715 5360.662427849929
1103 0.0
2621 0.0
809 14660.530939893424
2699 14684.530939893422
4008 479.8714285714291
812 15070.866731879225
1702 0.0
813 659.266971916972
814 4020.243858918853
3764 8883.125288600293
1216 0.0
816 20270.133530358507
4308 0.0
3095 28357.85304344352
3638 13635.923730436203
817 0.0
1431 2010.5
818 27130.585947793996
2211 27557.31274391463
4443 10121.294785769789
1437 8258.17876984127
2335 33001.38572677323
1686 59469.49573620803
4823 40187.05197025195
820 31984.12541208796
3385 38123.07261251818
2030 3135.092857142859
865 19098.62377344879
1532 0.0
1356 81949.7340305528
2969 412.88553391053404
822 103785.89787642933
3606 43263.35947802185
4270 53444.257112332074
3306 0.0
1126 75242.22276196026
824 580.1123015873022
825 33992.62404123658
3529 80139.81869796892
827 75726.45491175495
3113 32063.50745504497
4262 21416.1996225996
2256 35171.3192807192
828 0.0
4158 49115.04114496605
171 0.0
3128 88.85
3977 1097.3482142857142
2712 19722.389195526735
2096 51186.80770479508
1801 23849.1088356088
1195 21163.462554112517
3313 44824.0720904095
831 9693.842857142861
2017 9415.30575396825
833 5642.788131313124
1382 221.93511904761888
2308 24915.49794927292
2470 16438.71413447661
4607 9260.994459706966
835 0.0
1209 8438.414989177509
837 38120.34513403256
2311 10773.027855477874
838 0.0
2027 48082.49334276798
1692 2470.2598304473318
1037 0.5
1584 32172.050369483448
4467 11248.487283549779
840 63217.24702242204
3304 35755.192869630366
4190 28483.644909257433
4493 25221.383660783675
841 2877.2724747474745
3199 0.0
843 31158.638851426393
1773 32985.417189754655
2458 3866.0910714285596
2411 18443.450074925073
844 13516.559920634896
4264 16636.12076118326
4115 16140.364130722188
846 3225.446398046397
847 1215.4386904761914
848 39138.977747252706
3173 14791.559944222388
2407 0.0
4197 67042.95403832282
849 17622.471876734366
3408 1816.9333333333332
1684 35001.68888472637
2220 17891.512447274865
2788 3221.660515873017
2939 32045.002054889625
858 355.3956349206351
3721 0.0
859 0.0
2170 39414.48708929958
2644 9399.361645299145
862 4380.878914141424
863 2010.5
1368 33373.96756854252
3551 704.8121031746032
4723 40930.45574980577
2603 31745.436771561715
866 0.0
867 2666.4773809523804
1993 1150.3285894660894
3142 20350.028804528774
868 36548.28511015126
4764 34012.56796161352
4586 36233.82585470084
1068 22010.63655927401
3129 20431.834561965774
3429 15398.72299644796
872 28798.816551504016
1943 0.0
982 86227.63254245745
874 23390.767353479852
1077 16303.657478632478
2943 5125.10987484738
875 22199.059839466056
3907 4434.367956349204
876 43492.081936119415
877 33343.3520937396
902 19774.757326007308
878 0.0
879 63325.49473553407
880 6633.848538961046
3530 26155.896778221784
2676 19600.767730880216
881 907.8747835497833
4974 0.0
882 51021.645818070836
2240 28349.44127400377
3677 21690.428665778658
883 42177.59938533687
4836 36524.28511015126
4056 23796.475070762546
884 40463.308445720795
4016 31790.349220224307
885 35747.35075896331
2868 2264.3525793650792
887 14059.815774503248
3704 28216.33674936179
978 20645.862305749783
2509 477.70000000000067
3560 53529.16200604915
3248 0.0
889 5007.527976190474
2693 18239.753793428743
890 10847.116443278948
4885 26540.845812520765
4446 63426.734196359226
891 25543.57143689645
892 46806.08692626818
3415 70990.26703574185
893 11067.700595238095
894 29003.081610056583
2036 105140.59410589423
1346 9604.064977383727
3699 2407.479211066711
1349 8521.204276973036
896 27414.270965145955
898 6429.287301587313
1252 9127.531349206352
1268 4388.781349206349
899 0.0
2192 11243.588214563215
900 5236.809415584414
1562 4745.321861471859
901 3263.460173160173
2671 19505.71947635697
903 7760.540383227906
4257 65477.967155760976
905 0.0
906 2701.503568653569
1057 1987.0
4311 830.1851190476185
1798 0.0
1614 19249.271887834373
910 6256.537673437674
985 33057.1227175603
911 22077.574323593093
912 0.0
1873 3858.9475996225915
2765 49990.11231407467
2404 16361.423175435655
1492 17608.821450771437
914 608.9809523809524
2926 2618.9809523809527
915 1935.322113997118
1384 8296.8186868687
4677 41639.8694888443
4107 9599.517658730165
917 51528.48785589418
4503 27503.27116702742
919 5837.301857864358
4356 0.0
921 43798.847262459705
3388 0.0
1212 32843.403901653925
1755 18388.53243006989
2904 0.0
922 2367.8036435786425
4706 0.0
924 0.0
2879 18555.025588300537
3821 8769.53870851372
925 13418.702894327897
4804 82608.2533383285
926 0.0
1472 53297.5482878232
4588 38430.666389166254
3942 13626.087036574481
928 12918.924731518488
3944 0.0
3696 1987.5
929 8664.04264069263
212 0.0
930 9177.685895354669
1228 11563.086104867358
931 104.98511904761908
4619 26165.942359723693
2149 25455.3358391608
934 8534.165115440117
2194 2913.4836038961093
4072 14513.607104007078
1610 0.0
936 24312.01815268067
2280 62509.59882686748
1602 43267.42111915847
1341 0.0
1473 104171.17872029953
940 0.0
4461 12068.915854978368
1777 8907.695557220557
941 177.73055555555555
2282 2659.250793650793
943 38240.332079032
1166 42246.12067238306
4128 0.0
4963 16886.151770859804
4235 44255.9243090242
1301 0.0
945 0.0
2885 33922.18202838824
1974 13450.306863969337
946 646.5491883116886
2526 0.0
1443 0.0
1983 0.0
3311 22032.426368158034
4944 31057.38273254519
951 8849.27440476191
1682 0.0
2112 21069.765322871543
2897 16387.68199619007
1478 20350.136681374228
955 18669.160983460966
3171 9214.709354534343
957 40442.04020562755
2523 34253.731904206856
958 4019.9999999999995
1499 29800.166063103632
2387 88697.05648101972
963 12281.885094072588
3567 1041.1575396825397
4233 9279.227554390074
964 23038.39684759684
2315 20722.23328338327
965 4840.879671717176
2288 0.0
1672 0.0
1167 1039.4352092352094
966 35000.93898780945
4085 40981.14811479357
967 22708.088655788702
1741 14241.152350427323
968 6093.976556776566
3812 5125.360137085138
969 24251.239331501827
4381 17201.803685203693
1886 0.0
970 37062.31734029849
1183 13593.630866355861
4212 23630.897952741787
1432 6858.730241980245
971 9522.822402597401
1462 4137.451857864357
1821 0.0
1162 1987.0
972 7881.415386002889
973 0.0
1054 1230.444318181818
1973 818.5804653679653
3449 20165.320041070052
974 6109.544437506941
2072 2322.938025863023
3715 36998.18068181817
975 10705.104365079376
2337 4611.807160894661
977 0.0
3090 22248.61454933952
2270 8406.335263347768
2718 35542.560309135326
979 13250.430669330663
3057 15193.555200355202
980 13732.788762626247
3403 0.0
3640 66845.03867798866
2038 20440.151522089014
4196 5234.161148573644
984 5522.569642857143
2063 7556.569642857146
4006 37230.10024420026
2553 8567.126587301584
2297 4451.578062215557
986 5850.865084915096
4245 96.86865079365077
2421 74001.28484709733
988 4550.277579365082
4603 7319.664772727269
4718 81458.51341297591
991 40344.210951548295
4972 45495.29594572084
1696 29756.673672161127
993 10154.522498335007
994 77078.86471653353
1646 5527.112240537235
3063 820.3020382395383
4789 14681.73393412145
995 32975.48647463649
997 577.0523809523809
4007 9698.949296536795
4847 76898.53113830628
1000 15031.46897408149
2075 3550.165960428457
1001 6522.48844211344
1002 12507.685406260407
4485 30588.060940448468
3208 8173.00201465203
1004 36608.65335567209
1005 29953.929989454966
3851 77815.42022144527
1006 0.0
4346 24789.229242979254
2960 3835.510119047615
1007 32061.34427239428
1931 18931.151043401078
1008 45526.496682484125
4829 62042.09238400479
1009 34235.896407758875
1010 0.0
3591 2479.121825396825
1011 25473.24716672221
1439 38648.789162920366
4799 303.80000000000007
1012 24349.39336635588
3816 20604.43814796317
2863 0.0
1013 5168.048466810968
3992 5694.508349983343
3709 29874.325298312913
3789 24125.05636030636
437 0.0
4244 1114.210119047619
4379 13353.805667943154
4553 23009.522181290915
3839 23245.881723831724
1019 19043.165324952817
3014 6107.280602730605
3084 19648.836786824293
1020 3428.834145021649
4353 1339.86845238095
1021 58070.6613920802
3676 39937.409944222454
4146 0.0
3321 24315.508893190137
1022 24968.15888555884
3100 5782.766666666675
3790 11105.770358807891
1375 29328.967568542514
1922 36733.46488233988
1025 0.0
1719 16301.847895160368
1028 13237.987409812431
1030 33483.176118326075
3996 30397.343001443023
1031 560.8530303030312
4625 0.0
1032 8707.024816156061
1184 56492.68683677418
3717 20785.078681041163
4021 4523.531998557
4114 22866.545211038967
4130 32130.82596570099
2615 5521.416858141869
1639 40092.61650502271
1035 45843.3526390276
4163 23791.634339271848
1168 53017.25389749107
279 0.0
2247 3312.598701298702
3611 19971.1979569042
1039 12739.493494005983
1688 28535.31297591307
1041 49.64583333333333
3971 0.0
4237 13711.745205488945
1042 1247.5559523809516
1571 0.0
4424 78520.54759199139
3926 51799.83713092475
1044 9869.021278721282
2409 45696.359533521936
1489 42530.73833805072
4089 13105.772492784989
4892 14191.768668831155
1049 10246.732437007444
1921 0.0
2645 12932.483620546142
1051 18528.348401598378
4516 7478.065656565684
4861 16817.868429487185
1052 0.0
3494 0.0
1056 7979.528174603177
3544 0.0
1058 0.0
3114 3876.6573412698413
4955 59873.342564788174
1060 18094.8512085137
3552 11590.69772727273
2216 0.0
2622 20257.351556776583
1480 16288.13486652234
1061 0.0
1062 7748.744444444444
4609 7544.5170634920705
706 0.0
1064 25963.774338161842
2729 6788.484065934086
1065 52292.234310134285
3901 58146.825360750205
1792 26910.00446081695
4884 52777.17274294325
1066 7782.249644799654
1067 9547.391305916324
2713 97261.49188866741
3406 35510.42907370408
4637 35575.68372460874
3986 105403.94977245007
1070 18209.581966644415
1939 48322.207894882784
3957 1396.1851662226647
1071 21527.432648315727
1553 0.0
1986 12444.277239835323
1073 3013.4987012986994
3299 0.0
1074 28813.083773865026
2777 2785.034523809521
1075 979.3948412698412
4315 24603.906682900553
1076 295.63571428571424
1661 16327.657478632469
1078 9617.505303030304
2686 7128.822925685448
761 0.0
1626 0.0
2472 10899.231069624811
2510 16157.022691197662
1081 12842.60371434123
3168 0.0
1083 71497.00581779346
1418 11921.534926184935
3287 21653.97449772447
1981 18286.700854700834
1084 1887.999801587304
4218 2725.4374999999964
2301 15929.932072094552
1086 11301.921013708514
2400 3131.5051587301505
2416 29898.301193251198
2573 38322.65632908755
2045 45424.52963425454
2543 526.812932900434
1088 0.0
2720 2010.0
2678 0.0
2848 6207.196248196252
3155 19345.039967671208
1090 9826.83087174264
4341 6661.799912995506
1091 0.0
2648 11833.11369047619
4700 0.0
3200 31158.588329725877
3806 31437.836363636357
4208 0.0
3275 26522.285425685368
1094 3213.7088536463534
3917 15321.912368881112
3345 15780.895163170117
1096 11614.697727272707
2085 0.0
2166 13262.459325396756
474 0.0
1098 2760.31874416433
1099 38275.09094349279
3814 21510.033684779235
1100 14491.105194805168
1622 0.0
1101 22879.51675130422
2635 0.0
1102 42074.651266788824
4086 17754.936183261147
1502 27656.313679376235
1104 2541.124603174603
3939 982.735137085137
4907 54608.131546231554
1105 221.44583333333327
1106 6818.107283688548
1107 1684.9214285714284
3523 3694.4214285714284
1108 2613.540674603176
3220 7854.037516650029
1109 45526.85213120211
2495 28359.224798812345
2927 25049.002114552117
1111 34079.66907536906
3410 20304.828546453526
1112 6143.679166666671
4378 2932.7172619047597
1113 179.48134920634914
4061 0.0
1114 3511.9343614718628
1115 26762.145494782995
2457 84746.66159673686
1460 8893.225330225336
51 0.0
1117 38997.606672494076
1118 0.0
1598 0.0
3337 0.0
1120 15671.092501942496
2281 86413.36094738582
1632 19926.745380314136
4803 59770.39286130534
2617 19354.076805139244
1123 9516.472453934966
3431 0.0
2822 0.0
3434 59287.692655261315
719 0.0
3844 35527.53539793543
1125 244.07043650793653
1640 14162.94593739594
4300 4724.755429292933
1269 43014.80146520145
1895 20939.447101509577
3068 31331.143767343743
1127 33247.12850066595
1128 32964.58523282277
4779 19366.15238095239
1129 0.0
4708 0.0
4449 31615.31891719399
1130 0.0
3512 0.0
3381 0.0
4095 23096.825090187594
1132 9975.049603174613
4036 0.0
3891 7481.855555555563
1316 235.93809523809506
1134 2238.2936507936483
4135 0.0
2812 22380.870950577246
1800 0.0
1137 8237.98617077367
2202 1006.6144536019535
1138 13251.84981823729
4757 4312.993241480738
1139 3421.534108946598
1140 15241.904800754768
1141 17920.21579670328
2414 7491.384065934071
1673 19644.89041791543
1143 21941.670544733006
2020 12095.712960487232
1144 20822.29540043291
4558 11055.907602120109
1483 28951.50483960487
1145 67481.22752664005
2029 3110.6761904761875
4481 18662.032438394905
3827 8062.85989843491
2473 20498.864962121217
1148 0.0
3456 15097.445732045742
3655 5990.50014430015
1177 5917.411122211128
3288 2644.214411976909
1152 24745.528762903763
1319 1984.5
1155 0.0
1157 20140.63879176376
3302 5094.840721778225
1158 21498.954918692434
2865 0.0
3277 13880.608628871147
1160 164850.77102382938
2853 61056.75141565936
2455 40848.99314574313
1971 17621.624608724625
3570 75942.51999250743
3794 69941.26237789966
251 0.0
1164 5555.595417082916
1165 4425.617207792209
2292 33617.253539516
3651 16830.260750360758
2535 27206.43740981246
1727 20217.26568015314
2203 0.0
2169 0.0
3581 11446.798643839802
1171 0.0
1172 17068.99195734821
2219 0.0
4260 17447.289214257977
3092 9874.254392135661
2980 9768.27081737706
1173 39698.85862609619
4639 458.30476190476224
2591 18961.13874320123
1174 0.0
3234 20064.248135198133
1350 14365.628517316018
4482 5721.665662115679
1176 3646.9137515262555
2113 9473.48574342326
1178 0.0
4986 19884.161600899075
4440 1.0
1179 6200.11673881674
3987 8518.348328060825
1180 27074.052583527606
3358 197.54226190476177
4604 2171.261922799426
2425 7012.729545454549
4092 29551.393376068416
1181 23980.196463952703
1630 57244.455597874134
4420 13777.242525530031
4143 11265.595586358086
2652 16972.833666333645
1185 6179.037175324676
1187 11166.849764124789
2973 30158.1731795982
1189 5601.990458152963
4627 7201.106746031741
4746 4349.725324675323
4384 6616.217279942297
3258 0.0
1190 36277.1112637362
3863 510.58571428571554
1192 54561.59899544895
1207 61406.85752719499
1193 11378.907774170277
1558 34472.36818320569
1194 32883.19401986905
1693 41658.60613691866
1040 0.0
3960 31712.831597569122
1198 657.7666666666657
1199 4222.538093850594
2623 0.0
4976 0.0
1202 0.0
4991 2010.5
3309 903.5357142857149
1204 1363.4079365079365
1206 0.0
3327 2010.0
2083 502.4232142857146
4927 17821.712075424562
1208 20692.167261904786
4882 0.0
4091 7098.531998557011
2184 3652.5636002885976
1641 49684.14887612396
1984 12493.925531413035
1969 20213.694121850367
2723 34622.4452755577
3623 0.0
1211 103865.25594475033
3054 53169.847837579
2140 27039.387734487736
4918 60420.76233488728
4065 0.0
4546 30119.91798895552
4855 9681.90746059495
1214 14353.096725496722
3924 15730.745503801725
4786 0.0
2996 47208.950319125295
1046 0.0
1218 75.54999999999998
1271 0.0
1219 14852.749721112204
7 0.0
1220 35077.558565739724
4966 8973.602417027405
2401 17418.089626345853
1222 101681.53537573587
4610 17556.5215909091
3886 61797.139681152184
4728 33888.759140859176
3272 0.0
1224 6804.880952380963
4495 14457.643398268383
1225 50259.14186646666
3874 26293.886009823465
2310 22786.202483627487
1226 0.0
1494 780.4644841269834
1227 351.8166666666669
3319 0.0
4707 11100.186267205028
1328 0.0
4843 2061.550000000001
2279 4153.919101731585
4426 0.0
1230 12007.698704073673
1232 0.0
4831 16242.533366633326
2120 5037.5759976135005
3795 0.0
1744 0.0
1234 16748.53723151846
2334 33934.87614399494
3602 1986.0
4857 2035.0615079365093
1238 32439.931489344
4222 27850.4191572316
1239 975.3670634920634
4552 24074.981184093685
1240 15956.521454933933
3382 32726.899907445542
1487 6473.248430735947
1241 2011.0
4338 2912.6349206349173
1243 27304.41657647908
3784 5052.171843434343
1245 5549.486065323568
1337 16310.925278887738
2706 9064.498486235983
4392 45986.780289155206
4633 188607.69431401917
1250 17526.788945082673
3885 282.26845238095234
1251 15621.724933399928
1752 13310.203385503342
1253 0.0
2491 1303.6440476190476
227 0.0
4946 13592.269921744894
1254 29542.86145104897
3727 21001.968184593177
1449 0.0
1255 0.0
3685 32324.0108709101
2642 25099.616232378707
4082 0.0
1262 1929.6434523809519
987 0.0
4549 0.0
1402 28663.44593323345
1264 0.0
1265 0.0
1997 10369.98618326117
1053 0.0
3490 18848.84693362189
3042 5631.279073704081
2242 15218.648106060595
4490 28447.451071151037
1270 297.01190476190465
1272 35.105555555555554
4394 1955.3700396825382
3773 26004.703431290884
1273 13395.798674936193
1763 9834.852736560828
1275 50925.222622230525
2486 3402.9309523809443
4406 26073.220002219998
1542 66321.37187281657
2513 15791.150047175037
1278 249.27738095238092
1280 0.0
4150 33197.1214133089
4962 715.2773809523809
1281 530.8480158730162
546 0.0
1282 55.46924603174603
21 0.0
1283 7918.118728493725
4153 21628.581834831784
1392 87390.15097818855
1285 968.3642857142858
4141 35245.87473914973
2319 16610.05546536795
1455 25102.8493006993
4864 39497.85265429008
1288 0.0
2089 101.93333333333334
1289 4109.153120490627
407 0.0
711 0.0
3578 35509.21971084462
2241 13123.017446442402
1292 28324.637940531717
2044 16375.203290459529
4185 39276.58637473626
1293 25333.4450702076
3333 19318.593331668373
2359 65751.17617660106
1294 84196.01444748064
3601 60977.83448675485
2600 12958.376784326803
1295 1987.5
4373 0.0
1296 3356.9031926406847
4650 0.0
4206 12957.535979298465
4601 9084.247502497503
1299 4759.666269841281
2981 1988.0
1302 6776.206944444455
3951 0.0
1898 68640.9810786435
1304 55339.770386557735
1467 23679.581925019444
2005 9251.442550505051
4898 37302.26329642575
1306 7215.672258297267
1307 196.37083333333334
1308 3564.841269841265
2682 9523.479698079698
1309 8453.554976967482
3102 0.0
1310 12741.24352314351
1311 0.0
2711 0.0
1670 2010.5
1312 2989.7351370851375
3595 46232.09145021636
1529 32796.16467837723
2234 9172.112842712851
4276 14471.245873570873
1315 9586.981777250538
2100 9610.981777250525
3187 0.0
4385 0.0
2347 2298.7291666666665
4784 43088.579895104864
1507 59084.61072122323
1320 341.7238095238095
3366 0.0
1948 2342.7238095238095
1594 2397.374062049061
1322 30621.483152958164
3062 15983.66601870348
3750 55651.44935619932
1325 27714.349285436783
821 0.0
1326 13194.359480796955
1635 32757.094011544046
4964 23097.46716616714
1481 19376.03178765673
476 0.0
1330 62532.2907335721
3233 43899.60154012649
1331 15979.897714785206
4371 21397.403685203673
1332 14097.286312298798
1333 12390.35615079367
3824 6121.730555555568
1334 74416.40984085349
3182 111846.22156801571
1717 8263.664307914309
1335 3589.582142857137
1336 0.0
2518 0.0
1464 24480.101605339114
3192 14330.548889998818
3475 1443.4057539682526
3 0.0
1339 7607.224404761902
3826 7631.224404761898
4026 47922.94081335318
1618 8766.763707126209
1345 24298.593972694052
2516 4066.4435245310215
3919 28563.191674991747
832 0.0
3682 11388.633592102346
1347 0.0
2105 0.0
2697 668.6506493506492
1348 0.0
2263 1825.5023809523807
2070 0.0
1351 7356.421392496411
3593 7380.421392496409
3828 54685.003984903895
1353 0.0
2537 23288.15057026306
1354 12112.696554834069
1355 4.5
3585 10470.505064380071
2951 70925.51932511936
1358 0.0
4211 2277.7959054834055
3496 475.0624278499279
1359 27541.718120768102
2519 21668.82229853483
1360 0.0
4922 16378.981890331883
2275 4695.447492784994
1361 1137.4459956709957
1616 3146.945995670995
3391 88101.68767205034
1363 22401.980716505677
3460 52216.64765651005
1364 2399.1682539682533
2663 27768.39613580861
3636 36802.37404123653
1367 64313.67013264491
3012 27947.36393190132
534 0.0
4454 16448.924368686825
1370 8894.217386779905
4407 4030.2736735486715
4166 0.0
2763 121816.80222832772
1373 10034.441468253957
4714 14492.358730158683
1374 11270.579888167384
1377 27614.60252525259
3746 0.0
2008 20922.161219336227
1378 8443.079870129866
4167 23698.781751581708
461 0.0
1379 15334.624296536807
3991 23592.2007215007
1380 0.0
14 0.0
1795 0.0
39 0.0
1386 49323.03740703721
1390 16815.284000721513
1391 1024.7595238095241
3201 87414.15097818851
1393 1231.5576770451773
3075 21886.20371711621
1394 0.0
4725 7795.103887085141
1395 13944.420199938935
1396 67546.45935384044
2692 59010.60955988444
163 0.0
1397 17563.85594095442
1797 11077.188095482952
234 0.0
1445 10107.180829301396
1398 23820.475070762546
4841 65785.74846721895
2605 3530.5639652014625
2312 4204.249747474748
1401 16821.140487290475
1834 28030.289403651932
4316 565.2470959595961
1404 0.0
854 0.0
1405 3785.341125541119
1406 0.0
2129 747.6011904761905
3908 38144.66340187581
4400 2342.522402597402
3139 0.0
1409 0.0
2468 5618.762445887444
4094 1008.6190476190476
2239 7721.705713730722
1415 11642.668262293259
3858 11666.668262293266
1416 10905.052435064936
3999 14448.408229270744
4451 7867.802038239549
3765 11945.534926184946
1419 20177.514162226616
1634 74982.35500055508
1420 13261.776239038756
2748 13285.77623903875
2999 12374.404215922968
1422 0.0
1442 40759.76072677313
1424 2112.4630952380953
3085 9286.245120851383
1768 730.2761904761905
4662 39940.89141136645
3146 94392.05813214584
1426 0.0
1793 15857.320110445105
1427 11890.141827616828
2173 115220.34453879444
1428 11262.56697816073
1429 19562.766797091797
4521 29583.92941780436
1430 13616.269921744886
4248 16223.523407556493
1433 41602.76358086357
3335 18285.282592407577
3423 0.0
1753 40115.12938589189
3868 11380.535028860033
2373 9799.620887445893
1436 7244.689123376625
1257 0.0
2604 1576.3981421356416
3964 92.75238095238092
1644 18082.27070290822
4969 88993.01277403183
2107 22926.89586316458
2367 7089.798196248208
297 0.0
1441 0.0
2361 6333.874007936497
2806 9692.501598401592
2144 7261.182233044755
1447 4280.427146464647
3779 2816.502380952381
3194 54976.79721736594
3058 25986.393373293493
4739 0.0
4465 26408.946392496397
1452 0.0
1453 75197.93467920959
4484 0.0
3262 37102.63341380844
3229 7755.373616661136
1456 4714.83436147186
4127 46092.03444333437
1457 20505.17156870907
3609 20452.007606282597
1461 11399.536072261073
3032 14654.221626984123
3635 37246.84645632145
2402 2334.205772005772
4374 7468.165169552674
3716 90148.1935543624
4883 14530.6053446553
3774 57258.60499916717
1468 7833.113646076156
2476 12974.984559884577
1828 7385.586724386729
1484 14115.710180791453
1470 7391.6565476190435
3722 19717.48053196807
2447 25189.076201576132
213 0.0
4992 42578.81010864136
3719 41950.79414237722
3487 100193.51238691874
1547 80659.79251443023
1474 50779.91297175041
1475 25876.674246586736
1476 0.0
1754 6837.685804473306
662 0.0
3628 66480.37592448399
4468 0.0
3399 3018.5922619047587
1479 54245.7283855033
3411 0.0
2867 0.0
4320 6656.135341047855
2906 19672.678396603384
3145 49971.55651986882
3110 4330.791033966031
1545 5302.722637085146
1485 0.0
3483 0.0
4795 915.6656926406927
3763 2460.4839285714284
334 0.0
4184 53722.84546495169
1491 0.0
4934 19964.333624014882
1493 530.1246031746032
1119 0.0
1496 29618.658798840108
4721 15350.982824814038
1498 2171.619264069263
4187 0.0
2749 0.0
4071 27044.596257908783
1500 0.0
3573 30040.87380119872
1503 0.0
1504 0.0
3174 57072.547340159734
1508 5925.112500000012
2601 18478.930801143288
1510 28980.736965811993
4753 12190.086747974257
1680 16309.366329503848
1512 4832.9433441558485
1934 15579.780308580308
3231 878.4738095238096
2066 11864.790422077913
1709 42655.34952131186
1515 0.0
3034 1027.2255952380951
1569 26822.554763292323
4661 0.0
1519 3227.131547619048
4768 3251.1315476190475
1521 49975.885277222624
2267 7266.748093573093
3127 8211.76718975471
1991 18328.67796717173
1524 26855.754263791718
1525 25449.806075174834
1945 440.77938311688314
1526 31526.350894938383
2371 42040.3304424741
3540 27721.577084027133
3556 20608.12079170827
1527 0.0
1629 5571.7908730158815
3892 1289.2515873015882
1528 8237.801190476199
4453 38332.906640581634
4076 12506.215458152927
3303 16179.525928238394
1533 11862.766865079364
2252 7310.78059163059
1729 3002.3178210678207
1534 11213.1807252388
2721 11237.180725238793
1536 14561.797768897804
1537 546.9073412698413
4519 29240.322806360215
4328 6626.904761904762
1538 1777.331547619047
2626 0.0
3994 17302.439649933396
30 0.0
4813 35235.03351093349
2633 20003.689446664423
3889 15867.10093795093
1543 8122.391614635338
4576 13110.663528138544
1544 2011.0
3372 20772.246373479455
4081 80.575
3209 16513.00115301369
1546 3963.839718614715
3464 14863.089051226565
4666 8713.062409812432
2087 15614.371951659468
1548 0.0
44 0.0
1723 5636.219828782339
1549 0.0
4386 2190.8380952380962
1551 3794.7793720168634
3897 682.5843253968254
1552 8085.1099067599125
2333 17744.79335386832
1554 0.0
4642 938.5863095238082
3985 18327.640745773842
2086 17718.436620324122
4087 14337.402655677675
1699 6644.183928571435
1868 11023.737771950277
1560 24829.827299089822
2180 13231.235894660891
1580 26050.688870851383
1561 31437.12123848373
4948 31461.12123848372
3466 23074.02868659123
1563 11145.19220987344
1565 22344.223874736363
2343 10617.509361471859
1566 0.0
1568 6118.914187201703
4676 0.0
1570 0.0
4362 95688.93677433714
190 0.0
1572 0.0
1855 92.60892857142856
4312 7299.695598845596
3245 307.72916666666663
1573 0.0
2187 30340.233352758398
1575 1220.966666666667
1576 55580.00743353856
4438 29423.834884559965
1577 7476.221121933627
3061 5550.982359307375
3048 4859.7319444444465
1579 0.0
4965 18074.952976190438
4108 18156.309325396825
1581 10419.289069264076
4310 7745.016684704196
2262 28605.84102564114
1583 0.0
1853 30538.634053446513
2743 1365.1636904761904
2368 68.34285714285714
1586 42001.432668719994
1501 0.0
1588 2683.2857323232333
3097 0.0
1589 2183.1849206349193
3013 0.0
2707 3011.9428571428516
1590 21731.076467976505
2426 15873.340226440227
2937 10940.94060384059
2511 14509.382460594954
1591 0.0
3574 4460.897276334776
4961 11933.513564213552
1592 0.0
4017 18633.477392052402
4797 36130.05049950044
3249 13437.316143578648
2751 11068.341432178939
1593 16558.729617604615
3427 0.0
1597 0.0
1599 0.0
1625 12482.243253968252
1600 20008.62630841378
4936 8584.428571428583
1601 8920.944029581515
4164 48628.03407009652
1603 16009.657631257578
1605 78.34166666666667
2702 0.0
4376 55053.44676850891
2156 4378.564285714283
3654 46003.014662135196
1611 0.0
1613 0.0
2920 9725.570932539684
3748 1986.5
4057 90338.59936868721
1619 24369.446495171418
1620 37231.54192474198
2327 10691.712468087464
2302 8662.816666666678
1623 13136.976082251085
1624 18610.074217449226
4140 14568.686147186138
1975 77563.07435481182
1628 4723.94072871573
4464 0.0
3915 25015.617465867475
2774 52081.00919982767
2121 3201.4463980463966
2176 16933.68837898208
4272 6342.839935064938
1633 61220.94650765869
2353 19582.133835608838
1779 45941.824358974314
3289 0.0
2048 44571.27084165827
3292 11596.196318958793
1636 24702.72111360863
4851 18367.426280663745
4646 65424.28970751456
2643 29297.51100427348
1637 0.0
1638 23939.450441225472
3076 3367.19226190476
4602 21879.50615773115
4241 3486.0305555555533
4873 0.0
1642 124.34285714285713
1643 29100.36182567438
4999 39096.612631812626
2222 54171.54261502365
1645 22134.608473470977
2257 23998.287044899535
1647 0.0
1650 0.0
1651 19213.80554168056
4977 11003.713869463876
1652 2468.777182539682
2932 8.0
1653 0.0
3597 15794.85784493281
1655 18515.027394827368
2168 57633.17991673355
2978 68297.9989121989
3718 5098.0347388722375
1675 2378.030952380951
1662 0.0
3703 13332.780701243173
1663 2010.5
3278 174.49642857142854
1664 6472.249224386733
3036 0.0
4437 16461.673058885557
1665 2605.1071428571427
3576 76.50476190476193
1666 0.0
1669 6794.668253968257
4476 9737.583946608936
1671 57697.54772519123
1674 15889.716401653874
2469 64257.03668969898
3041 1768.562698412697
1676 0.0
1677 0.0
2233 55256.555442188655
4340 3561.7178571428544
1681 31196.36272200023
3279 30965.848165723164
1683 0.0
3055 630.8690476190476
2593 1551.2206349206347
3117 1300.3047619047622
1685 16797.14048729048
2015 3679.1894841269855
1687 0.0
2527 37433.71510711507
4242 0.0
1877 23878.409201909155
1694 21073.5741869242
3441 7337.414915639934
4523 5294.561147186158
4731 61162.12500554967
663 0.0
1785 21906.72366522367
1698 11209.138744588763
4145 0.0
1700 8210.250793650808
3937 29128.768793706302
4730 31547.967105117197
1707 4334.381637806636
1708 6902.833229270731
1459 0.0
4025 35289.213933288935
4971 81005.43793845054
1711 542.1079365079368
2908 3859.683928571423
1712 54216.38683122428
1713 0.0
666 0.0
4439 17886.281286075016
1715 0.0
4561 1.0
2672 1038.8597374847373
1716 22568.03496503491
1718 9271.358387445893
1846 0.0
1786 8317.492911255405
2628 11628.554370629348
1720 26392.50976107235
3521 4853.965830819503
1722 20450.36344350093
1724 11320.311111111116
3433 12160.013492063496
3766 556.906944444445
1843 2617.955645743141
4839 35377.741544566576
3108 0.0
2857 41782.08143384394
2115 39032.42997974243
4732 299.72103174603154
2167 21640.346768509273
4278 4932.854725829726
1730 0.0
1731 3175.0265873015883
4643 3158.660714285717
1732 113.05
1734 0.0
3380 8449.381256243769
4285 35468.98977550225
4052 0.0
4891 1503.402380952381
1737 2873.7207618770085
1738 428.35373376623426
4319 0.0
1739 11658.106329781334
4769 32764.169235625523
1742 27263.99859584863
3758 31827.435013597515
1745 2053.737121212124
1746 22454.992862692878
1747 1103.178968253967
1748 30128.50914681728
1749 0.0
1751 1794.7595238095237
4585 0.0
3072 25423.99307498053
2354 15757.020583583064
3374 6514.416654179164
4859 0.0
3436 5190.742388167387
1757 379.5117424242427
1759 33539.94392413131
4120 0.0
1762 28053.283860583848
4778 0.0
3044 12617.073579606644
1766 92712.01057969852
3639 65507.06641969134
4529 34870.47444499942
1767 1975.9101190476156
1769 47350.12706807077
4644 15536.422798729032
3621 39942.898230935665
1771 0.0
2989 108.91666666666667
1772 17792.793728493707
3966 51370.219071206535
1482 0.0
3363 0.0
1775 0.0
710 0.0
2910 14806.862950937912
1780 0.0
2318 25979.46942501942
1783 19292.387493062484
3519 471.4482503607507
4850 1030.9942460317473
4737 30597.483152958186
1787 0.0
3823 0.0
3831 0.5
3665 26105.808261183265
1788 9573.24357864359
2828 45356.22938519797
1789 74503.87459346211
1790 0.0
4699 571.8779761904761
2506 0.0
2080 88.74821428571428
1323 0.0
3213 9271.04554473304
1794 44501.529943667236
3836 13805.212866300364
1796 12208.396571484078
4216 5682.4928571428545
2235 9604.388167388171
1799 3485.262355699855
2656 3651.1290223665205
1803 377.40595238095267
1804 76256.63837494186
1805 21618.777951215452
3653 45348.592028804465
2289 16622.747416472426
1807 3865.1518800643776
1808 0.0
1809 1986.0
1810 37776.91758241754
3387 5363.645379620387
1982 5554.333730158732
1812 5965.571812909323
1814 0.0
1815 5103.34072871573
3312 9911.651767676787
2728 3203.9971139971144
2432 0.0
3680 28592.976325063748
4183 5524.046019258517
2178 0.0
3465 33003.973949661406
1824 1570.4780122655136
1825 16307.081522643992
4787 0.0
1830 0.0
2785 2010.9999999999998
1831 23323.070156232625
1832 17253.543149905676
1833 8067.112121212145
2067 16660.410420135395
2771 3277.1054639804593
1835 0.0
3984 254.0280303030303
4733 335.6791666666667
1838 3813.8625000000015
1840 8640.042640692645
1841 27329.83091630595
1842 112.31230158730159
2438 42715.86851481846
1844 0.0
1847 73108.35666278188
3921 37083.90617715617
4280 38055.58506354752
1849 0.0
1850 75350.40561174913
4537 49446.28845737597
1851 13180.227544677538
2825 13204.227544677546
2200 0.0
4967 16272.062373737379
1858 0.0
3747 0.0
1862 2218.056764069264
1960 23314.726226551236
1863 29653.291602841633
3418 14052.508584471076
1864 52399.46287185036
2118 41479.015827228264
3338 16376.066931679421
1998 22654.667261904775
1865 17006.934029859047
803 0.0
1866 9595.500054112546
2634 13295.944576257069
1867 9841.363809801327
1869 4480.166966366966
1870 8760.493993506509
3736 0.0
3045 8112.111453823954
3389 12534.710317460309
2153 31648.482084582127
3642 2151.568512043512
1874 0.0
2500 0.0
3138 24054.46363636362
3023 66209.79896353642
1878 2011.5
3949 21334.890800865815
1880 797.9975108225098
1881 7535.647089022102
3658 13094.66489205238
4664 20796.440548340543
4442 4064.7476426351327
3111 23857.45110306358
1885 43682.00901875901
4783 17837.695410145367
3150 25972.010171772647
1888 30162.791970529517
1890 13680.464935064938
1891 21016.144644244592
1892 0.0
4355 9251.520952658455
1893 372.04404761904766
3741 18027.357954545452
1894 0.0
3137 80487.69006312352
3252 46920.5704420578
2360 3502.4927059052043
1897 0.0
1388 0.0
1899 11210.797168109673
1901 35323.68995379618
3662 37276.92406690534
3777 755.8202380952379
1658 0.0
4600 13850.208329170779
4668 14533.25103368851
1906 0.0
2594 22925.04016469642
2379 719.1642857142858
1909 8353.511598124105
2384 7277.1011363636435
1911 23299.070156232625
1913 14401.276659451678
611 0.0
1914 53359.11174242408
3066 27961.45444832938
1915 11386.623611111116
3862 4227.331114718616
2869 444.77619047619044
3489 2928.104401154399
1917 0.0
1918 1702.8646825396825
4719 7317.657248307249
4045 6191.4972222222095
2225 1285.6400793650785
3074 36757.46488233986
3857 40121.25668220662
3729 2897.913654401154
3669 655.7356601731597
3186 4392.894083694088
3536 12814.602879065395
1929 2015.432341269842
3163 8726.903156565662
1932 32615.144648407197
3318 39321.02053224557
1417 0.0
1935 55399.66665140393
4156 99843.18407703449
4853 573.4488095238096
1938 0.0
1940 0.0
1941 24724.747630147656
3379 3466.5241022866016
1946 27910.295136807697
1776 0.0
1949 23034.861598124106
4913 40970.005289155255
1951 0.0
2260 65481.24609002089
1900 0.0
1954 56603.89147380387
2501 3313.9869949494905
2954 12733.546667221684
1955 2170.788672438673
2627 19947.61285103785
1957 0.0
1958 5358.551984126983
3938 1226.9943181818182
1959 12073.694606782092
1961 0.0
4020 17164.131070318563
4636 18483.68409923409
1962 13359.956061993518
4890 74273.36496559001
2959 9242.330826118327
1964 0.0
1967 923.790476190477
1968 39011.667188367195
2205 52530.4674672548
4693 24144.354421966847
2709 12663.721387640122
3360 5498.166616716616
1970 11131.020075757588
415 0.0
3778 23363.833929958913
1972 24794.93153374399
1976 0.0
2316 4290.532646520149
2489 26361.477027139546
1978 2010.4999999999998
4822 5333.423196248198
3569 20627.226966089485
2174 5872.931349206352
1985 16063.682117882112
2669 16087.68211788211
3205 2613.821230158729
1987 937.148809523809
1649 0.0
4685 37704.97635142629
4798 0.0
1990 0.0
73 0.0
1314 0.0
1992 17526.523303085833
2508 13930.009244227993
1995 8114.680692918209
4767 5965.190811965816
2069 289.01904761904746
4227 0.0
1999 3484.015873015866
4351 30716.841156759878
2002 9721.11370851371
2003 28065.867712842733
2097 21923.4131257631
3402 11229.447052947067
2006 8833.706944444444
3339 13647.22912642908
2660 3725.677380952381
4941 79728.08528832284
3870 4767.477976190466
2685 16369.176046176019
2009 0.0
2011 2491.7770021645024
709 0.0
2012 23200.77732683978
4249 20109.10827922078
2013 10009.23923576424
2556 3847.8228174603178
3329 49869.355192723626
2018 6755.9798701298705
2019 17936.14078282829
2285 15973.640782828288
441 0.0
1829 0.0
2022 4019.9159271284334
4409 35101.20645049392
2023 1468.307142857143
2024 47205.011599919555
3515 2304.8650793650795
3217 44477.52994366726
3871 6004.7293831168845
2028 0.0
1249 0.0
1154 0.0
2032 0.0
2185 11149.499567099563
2034 16887.579968642473
2462 8976.487031024526
2035 0.0
3947 37544.11210386836
4669 0.0
2266 2535.5321428571424
2483 34081.079392829364
4224 0.0
2040 12784.852904040397
4002 128061.746196859
2041 4714.377759740256
2042 0.0
2303 25044.668127705652
2046 27587.924055111584
1612 0.0
3742 9455.22905150406
2049 12027.812703962712
1852 0.0
2050 11272.487283549779
4901 11296.487283549779
2052 30535.34595404594
3652 15456.85112942614
4980 4578.360714285712
2054 0.0
2055 0.0
4605 11913.653848928852
2057 31383.990527528058
3867 11363.972420634927
2921 13739.969592907044
3928 4747.489285714287
2059 45233.24035547773
4571 8526.903535353542
2064 66973.87473359972
4937 6257.96387640137
3373 16282.501574814067
4093 29621.01933205681
3191 35123.6840860528
2071 0.0
4330 0.0
4527 8953.495358114113
2074 0.0
2911 5023.005447330447
2984 10818.39184704187
4916 1986.5
2078 15106.166762404244
4118 15130.166762404244
2084 7969.776190476189
996 0.0
2631 4055.077976190477
4509 14125.530644355646
4796 10958.642370129875
2088 13369.681718975475
2135 12527.019768426007
2852 2459.474404761903
2090 3806.6307720057725
3711 10684.15636724388
2091 0.0
2793 193.07083333333333
2092 4263.829434454433
2464 2582.32380952381
2095 4049.049801587304
2099 38374.04253940502
2740 13845.415680153139
2101 1420.8821789321787
2104 11364.50324675325
2106 32.030952380952385
2108 17286.657002719494
4950 2204.416666666667
2111 18584.09446386945
4809 13254.257288544786
2787 47838.0413326869
4654 14615.716833166802
2114 18197.17798729049
4727 18221.17798729049
3463 7892.000450937966
3109 2440.2341630591613
2117 0.0
3237 3279.7434523809525
4579 7213.884523809529
2122 0.0
947 0.0
2123 20790.76196164941
3428 0.0
4304 25401.869336219374
2139 6372.699567099566
2128 77.87976190476189
2805 0.0
2684 7677.845707070727
2130 2009.9999999999998
4401 0.5
2132 14133.238038350542
3216 11145.978514541022
2133 12206.731986069512
3028 28712.41949855696
423 0.0
2134 0.0
2137 0.0
3454 44250.297372072244
2079 0.0
857 0.0
4391 9163.281853563123
2141 0.0
3708 2012.0
2142 1039.694444444445
2143 12940.789854589855
2145 0.0
2146 2526.541179653673
2150 0.0
4749 22241.950955988435
4788 16530.643650793623
2154 26571.59653957155
2155 5677.733585858587
2157 18788.542353194243
4100 931.3924603174606
4740 42923.637459191035
2161 7097.5004009879185
630 0.0
2162 0.0
2164 30111.59621350867
2165 0.0
4997 48421.51520285272
3026 1358.6751984126984
2171 14082.892227910963
4322 4755.630988455988
2172 3743.1590784215746
389 0.0
4540 115244.34453879444
621 0.0
4556 7391.30089701965
3963 0.0
3980 14925.524396436886
4261 9098.447222222236
2182 0.0
2186 0.0
2351 1657.1488095238096
2188 0.0
2189 15932.83184176932
199 0.0
2190 14293.31276778777
4214 6470.124222999226
2191 7953.813744588746
3683 4898.179327616826
2193 261.64365079365075
3417 3861.741865079364
2195 0.0
2197 0.0
2199 39046.93040015531
3089 49820.112212786975
2201 22684.08865578869
1497 0.0
4704 0.0
2207 9881.911026473512
2208 13874.208329170793
2209 998.9294372294371
3983 0.0
4562 8770.512717837737
4408 1.5
2213 0.0
2277 8389.803174603176
2215 1958.8758297258294
2217 0.0
2218 0.0
3644 54195.542615023645
2223 6268.17503607504
2611 0.0
2226 14297.355633255624
4231 1719.2999999999988
2227 5653.825396825398
3941 2289.668650793651
4030 101882.80165251413
335 0.0
2230 0.0
2958 39419.65773295338
3752 9628.388167388168
2236 0.0
3132 28872.205218392795
2237 0.0
2238 14096.80443445443
2531 9800.070031357534
4897 14155.224901487405
3259 449.2827380952388
4592 754.6559523809525
4463 0.0
2245 16115.496542346553
3759 6844.505669330664
2696 0.0
2249 30137.562226662172
3603 62844.49795898538
3600 2756.5246212121206
2328 14038.569913419904
4844 13250.862237762232
4388 47649.19045676536
2829 0.0
2251 31784.017818292887
3116 18969.544985569966
2745 16235.723745698744
2253 9321.76111111111
4342 0.0
2254 10243.066927516924
3204 4480.5502289377255
2255 21281.122557997587
3471 41028.719952269836
4869 15942.1559926185
3301 12566.223652736151
2332 27272.207502220062
4985 15443.461585636584
2258 0.0
2259 30907.285624098084
3230 30931.285624098145
4535 10962.176686507933
3497 5061.229995004989
2944 549.0321428571431
2268 37853.437519424886
2269 0.0
4432 2591.0
4189 2174.0196789321794
2273 16220.488474025975
2274 0.0
4511 1560.2472763347762
494 0.0
4711 6070.065746753272
3976 43825.97095265852
3022 24023.94081196586
3959 53498.82892732249
2283 0.0
2284 8542.173705461213
3692 12600.8086982462
2876 13588.543338605823
4559 4738.533676046176
2287 9901.868144355667
3538 1769.0275793650792
2290 21307.832359307355
2291 29745.74733460981
2293 0.0
2295 6283.566901154405
4263 2038.391666666667
2296 15658.041942779437
4448 31754.99186785437
2875 0.0
2300 1601.897023809524
2306 3611.397023809524
2953 9052.194974469972
4889 13471.589123376609
2307 8690.04226190476
2313 8912.418294205812
2317 9559.740566378068
2445 9074.163455988453
2647 3509.423917748914
3118 2923.9702380952403
4702 18289.665322177792
2323 42519.160146797694
2766 28171.968445443425
4929 872.4769841269834
2329 36312.69527555782
4368 35371.300831113374
4580 3752.2214438339397
2724 0.0
4357 17684.4334776335
4393 24877.595491314212
2336 0.0
2338 8360.788582251074
2339 0.0
4023 2011.5
2342 0.0
1595 0.0
2344 0.0
2345 0.0
2346 24163.782020757
2348 0.0
3284 10956.711291486297
2350 2043.6737914862942
2798 0.0
3349 0.0
3498 25834.733954933952
2355 0.0
998 0.0
2362 25316.112975913016
2363 9656.444155844143
2364 20578.604634254603
2369 26087.951418026412
2372 31765.99910367412
2393 31303.873577117276
2375 1493.651190476191
2376 0.0
2450 1669.2761904761903
4286 4700.448501498505
4413 16369.789571539555
2378 6199.2956709956725
4924 4143.213726551226
3607 37805.094980019916
4202 7762.3769119769295
3835 4593.596230158735
3734 10077.070526695523
2383 8370.087634587651
1186 0.0
2385 0.0
3518 18820.912391774902
2512 1.0
2386 4486.6218253968245
3516 21972.6592574092
3004 55703.667481823824
4309 18979.143127705618
4618 10740.314808802308
2389 0.0
4168 18034.087820512785
2583 0.0
2391 1003.7351190476192
2392 0.0
3616 7691.070932539688
2394 16880.54333444331
3147 1480.0476412476412
3376 3558.196915584408
2395 7724.74444444444
2397 61118.99441987751
836 0.0
2398 0.0
3492 448.7750000000006
2962 744.4259920634922
3412 30790.98146228769
4078 0.0
4947 14840.192619880096
2405 9653.049332611827
2406 0.0
2408 51815.52772366524
3799 7141.018657731163
2413 0.0
3825 505.0936147186147
3059 0.0
2659 67414.44169164152
3010 39337.35415279167
897 0.0
3641 37151.872716172635
2418 5725.737547175053
2419 9176.458730158723
2420 0.0
3407 16943.668179043136
4657 0.0
3064 157.28035714285713
2422 11236.45450382951
4541 0.0
2427 0.0
2428 4806.827678571431
2431 0.0
4698 8877.28522588521
4041 0.0
4834 19348.369243950427
3203 9872.042306304815
2437 949.7863095238079
2440 0.0
4689 4687.624007936515
2441 0.0
2443 0.0
3698 39996.22641010941
4652 20791.6838203463
3384 10209.540655871913
4681 33399.1592352092
2446 15353.35330641581
2448 0.0
4487 0.0
2451 22189.55555347432
4863 11258.774099511595
2452 0.0
4628 14177.828932178909
3060 17714.71361693861
2454 37504.65248917746
3890 27669.879695304735
4671 25961.4051087801
3546 16250.124253524238
4663 30021.325141525085
2461 0.0
2463 886.1532106782106
2466 34800.93303224551
3447 18558.13165584415
2498 3468.318704906205
2467 0.0
4018 74969.22779859023
2849 4330.2045995671
4794 13261.178851010098
2514 15103.431331168831
3956 32667.550541125584
2477 0.0
2478 13373.512375818618
2479 7106.96827200577
1811 0.0
3888 3668.705898268399
4500 17769.788075813023
2487 2936.193055555553
2488 0.0
4047 11310.987352924867
3297 3.0
4383 9783.558330558366
2569 30122.874747474743
2494 3087.7974206349154
3561 1415.392857142857
4655 29627.997972860503
3686 12872.000341325316
2502 726.7573773448773
3989 1033.3926948051949
2504 0.0
3008 4722.7817821067865
2505 24222.039665889686
2507 2215.977398989898
2733 7454.008360389623
4917 15223.819244644226
4656 32724.297360972316
3444 25486.40144300145
3707 26794.316389166397
2520 13564.702897102885
2522 0.0
3371 45792.228850316336
3324 13001.558560883548
3650 8694.489393939391
2524 1573.732142857143
3643 1142.5101842601846
3637 9111.487756687757
3667 0.0
2528 864.6278679653667
2529 0.0
3604 8016.311484348991
2530 20706.7929480242
2534 0.0
4665 27435.433945629557
2538 0.0
2539 0.0
2540 17068.992112748365
2541 0.0
2781 21997.27141608393
3307 608.5090007215008
2542 1716.8613095238095
4812 16713.505032467492
2690 738.4152777777772
4151 4057.4899003773985
2544 4522.211761849259
4512 7750.178621378651
2548 0.0
2909 40085.31009546004
2551 5022.768452380946
2767 28920.617478354947
4507 2090.0303571428576
2552 15712.419546425761
2970 6091.20951895327
1357 0.0
2557 21700.02888916639
2651 22652.590187590202
2558 0.0
2559 54378.53315573305
4959 23857.557548007528
2562 0.0
3105 27520.90144300145
2563 0.0
3390 0.5
3228 2794.224603174603
4281 0.0
4073 317.75595238095224
2655 12791.61628787879
2565 5357.214213564206
4486 19218.661994949474
2568 5108.9488275613285
2595 568.5815476190478
2570 295.84172077922074
4717 2912.4530303030306
2896 36207.74652014659
2864 63314.64914599282
2575 12230.273967698977
2577 20075.214237151777
3694 16863.579968642473
3470 17003.553597791088
2579 0.0
4840 22065.02480991231
2582 11306.632298257275
4548 23265.921982878237
4024 24875.215752303237
2585 1972.75
2586 3726.5740079365078
4343 1213.1017857142858
2587 367.86309523809575
2588 0.0
2589 3533.4239177489153
2590 13493.341941391947
3508 0.0
2592 78345.03195942137
3997 0.0
3124 47555.28199370063
2596 12509.745873570866
2598 0.0
3328 1518.525
2832 8000.241071428582
2599 51010.58041125544
4842 16349.507997966079
2602 0.0
527 0.0
2613 0.0
2614 19616.50889804639
4174 56391.962400099655
2616 18783.522514985
2975 8280.73005050507
2618 20871.92707431461
2619 10788.008098845608
2620 0.0
2624 0.0
3291 8213.986170773669
1743 0.0
2889 5694.259253246749
3592 33685.613310300905
3995 0.0
2630 15449.903121878071
4129 0.0
4688 11167.71948606951
3775 48001.68244394494
2637 2009.5
3954 39421.74154456657
3809 24277.00122071558
3499 48294.40475288597
2641 12705.842844655315
3517 9108.38416860918
3543 0.0
3905 20347.772549672536
2649 17256.250652125644
4754 21173.487105949593
2650 5459.176297313793
487 0.0
4649 5067.521230158734
3183 81245.08511072256
3952 4907.490710678211
3713 2239.7225829725826
2661 9474.225414862924
2662 38404.66647935382
4995 54995.39127122878
3900 18835.22184065933
3929 13889.7973845599
2667 0.0
4230 6121.452615440116
2668 0.0
4672 11536.184830447328
4555 352.741666666667
2670 27943.1368145743
3267 10225.765440115445
3296 1250.2223595848595
2673 738.8386904761904
4361 0.0
2764 78484.2646979247
3557 22828.070075757576
3189 11614.057890720347
2688 0.0
4815 0.5
2698 0.0
2701 0.0
3869 16968.6673118548
3820 7630.157144244661
2708 0.0
3689 0.0
4635 0.0
2714 0.0
3495 9906.108341658348
3079 68211.25041625045
3386 69506.90598013088
1003 0.0
2719 12829.748680486147
2722 0.0
2731 12730.315277777767
4039 1909.243452380953
2732 1028.7892857142856
2735 0.0
1690 0.0
2736 20721.47203809263
3801 7073.597802605892
4945 5344.211645299142
2738 0.0
2742 0.0
3527 35296.60772075135
4912 920.3940476190476
3343 5394.980144855146
4632 1819.2226273726285
144 0.0
2746 0.0
2747 708.8916666666667
2752 0.0
4069 12575.631565656573
2754 2109.2282467532455
2755 11905.02524697523
2757 10492.769631757126
3037 5362.617918192921
2759 15928.488604451122
2760 2055.766666666668
2762 940.8416666666667
3426 32358.283935508913
2482 0.0
2768 0.0
3452 4662.883369408371
2770 0.0
2773 7505.855555555567
3404 42377.70745920742
2776 0.0
4431 0.0
2778 22354.705866355842
4301 23978.879893717385
2779 829.8784451659451
2782 0.0
3700 9281.647083472097
2783 119399.91883116915
2784 25502.78953685207
4159 0.0
3375 36478.93926628923
307 0.0
3936 2065.2672619047626
659 0.0
4364 20628.681009268494
2789 0.0
2914 2010.5
2790 1323.9037698412699
2791 78922.88467990351
1518 0.0
981 0.0
2792 0.0
2976 14177.530068542561
2794 0.0
2795 6283.600000000002
3819 4101.11628787878
2799 0.0
3797 56508.3712773339
3442 25260.660789904545
2801 0.5
2803 0.0
4460 18889.476642801623
4126 279.93791486291485
4252 17583.532972582947
3352 19952.12299089797
4015 748.0132936507927
3176 0.0
2815 4698.344756632257
3271 17404.587137862138
2817 0.0
2818 0.0
1760 0.0
2886 22161.367615717616
2819 0.0
4096 1343.795833333335
1276 0.0
2820 0.0
3261 51465.397394272295
2821 16561.625090187506
3122 18596.125090187532
2823 1173.6972222222223
201 0.0
2878 17996.851716339243
3080 5669.958687146197
2826 9673.26794455546
2827 26313.470694583142
2830 0.0
2831 0.0
2834 0.0
4250 30951.11900460653
2835 0.0
2837 15285.407399544896
2842 10715.621807359325
2844 0.0
3225 778.5972222222218
3945 11695.993668831155
2850 0.0
2851 2045.2551587301573
3047 1924.3583333333333
3505 12599.142806213391
4538 7096.489571539569
4951 15082.14495088245
2856 4921.434235209233
2859 0.0
2861 0.0
3622 50717.15215478968
2870 0.0
2102 0.0
2872 12911.23237873239
3800 32656.607183788426
2873 0.0
4960 27576.063206238272
4473 81478.9897075147
2880 8677.45629509379
4591 10779.806709956703
2884 16650.258928571373
1704 0.0
2892 0.0
4305 0.0
2901 0.0
2902 11846.420634920652
4198 18547.1516108891
382 0.0
3660 21248.59019036519
1260 0.0
2913 0.0
4275 4325.569606782104
2917 0.0
2918 0.0
2922 0.0
3861 24822.196527084114
3705 5982.21666666667
2928 11258.846453546466
2929 0.0
2933 67286.24436050057
2936 0.0
3070 5476.4650613275635
3933 19811.548807442578
2947 0.0
2948 0.0
2949 0.0
2561 0.0
4590 10405.449217449213
3196 8308.698989899
3325 0.0
1703 0.0
4226 3259.446496558995
2963 48091.09514178604
4083 12468.77687451436
2964 560.0869047619047
4421 1499.9934523809525
2965 11479.911001498514
2966 976.9666666666668
2967 0.0
4931 4478.291684704183
2968 4820.846221833721
2971 1056.1607142857142
2972 0.0
4808 44997.93710317459
3322 356.29404761904755
3571 6278.549657287162
3211 1.5
4113 16080.040887584591
2159 0.0
3533 14069.747817460351
4014 31133.71687756685
3253 2513.66507936508
2985 1170.6607142857142
2986 2279.301587301587
2987 0.0
2988 0.0
2991 0.0
2992 7810.491568154078
2993 0.0
4475 6277.200685425684
2994 4885.4289835164855
2995 662.6589285714285
3818 0.0
2997 0.0
4348 10771.257960095458
2998 4325.541071428568
3673 4349.541071428573
4745 5714.170833333335
3002 1792.6195165945167
3003 5069.670021645022
4199 240732.14356615607
3005 20811.582806082824
4517 15303.353683816193
3007 35489.46617340988
3009 16755.776859251826
4253 0.0
3011 7415.300897019653
1490 0.0
3015 7918.009274467368
3016 28890.699278499287
3802 16635.387884337884
3018 0.0
3019 19989.867972713568
477 0.0
4775 34309.00917207785
3050 1945.2766053391053
3029 3092.3611111111118
801 0.0
3031 20476.350083943806
3039 17091.64366189367
4425 13113.970399045382
3040 78.76726190476192
3829 0.0
3049 0.0
4213 0.0
3052 0.0
3053 0.0
4427 8489.878267565788
3240 56391.84656177156
3065 48943.024783549736
4084 0.0
4696 5740.279424741923
3096 0.0
3067 1650.5916666666667
4251 43544.67329753578
3078 0.0
3579 50162.758215395654
3625 30710.79156676655
3083 0.0
4925 367.92499999999995
3864 2468.827182539681
3086 0.0
3087 0.0
3088 17525.818574481036
3126 4002.743777056267
2900 0.0
3093 2676.3235250860243
4612 63374.61402151757
4820 63770.694218934674
3098 0.0
3157 0.0
3099 0.0
3101 1986.0
3103 0.0
3232 46768.96665626049
3440 0.0
3181 17215.383374958346
4615 1232.7935425685434
4165 0.0
3120 54969.01645437873
4893 0.0
3873 148.57976190476188
3121 22283.69623015873
3123 36017.09988067481
3236 2084.363708513709
3501 0.0
4119 8343.399100899112
3130 0.0
3131 713.8113095238102
141 0.0
4536 11360.749680874678
3674 12142.110010822513
3151 59233.642812048965
4801 25128.05915473411
3136 0.0
4335 7542.011111111105
3160 2380.847546897547
3140 0.0
4752 28964.495643245693
3141 4550.000474525476
3467 2751.009613997114
4123 9740.18740981244
3143 0.0
4479 600.7303571428572
3153 0.0
3156 9579.531784881812
3159 11080.771509740262
4648 976.0922619047619
3162 15103.952557165057
3461 22602.64535048286
3166 783.414880952381
3172 10557.099084249094
3177 10952.881493506504
1550 0.0
4171 0.0
3180 1973.5686507936532
1989 0.0
3215 3696.6664682539667
36 0.0
4683 35949.3651751027
3542 9048.880171217674
2094 0.0
3197 1443.9563492063498
3414 79413.21416540988
2915 0.0
455 0.0
3684 58153.9644494392
588 0.0
4826 5079.340728715728
3967 31585.71119158613
3212 994.3499999999999
3214 0.0
3221 0.0
3223 0.0
3224 51960.54101176597
284 0.0
3238 31889.155297480316
157 0.0
3244 0.0
4660 1841.3198412698412
3548 29981.388465700966
4058 3799.780952380949
4292 46314.70130425137
3257 0.0
4097 4952.061645299139
3263 0.0
810 0.0
3853 0.0
2689 0.0
3268 0.0
3269 0.0
3273 2423.917261904765
3276 7072.354743867246
3280 0.0
4506 63897.4429112554
3283 30801.669235625515
3285 0.0
3424 298.13928571428573
3286 0.0
3293 0.0
3294 0.0
3298 0.0
4067 0.0
3305 0.0
574 0.0
4709 0.0
3564 26893.93355117107
3421 17486.909946997417
3315 0.0
3316 0.0
3317 0.0
3323 4532.239897602389
4750 7908.962932900434
4595 5756.776190476191
3978 12835.342071817036
3330 6817.718054168056
3332 0.0
3334 0.0
3968 4095.155082417584
3178 0.0
3341 0.0
3342 58258.67684815195
3344 18645.160983461006
3350 0.0
4539 7212.478373015886
3355 0.0
3356 10955.907738095239
3357 27104.305530580572
3822 22152.14675185918
3362 0.0
4474 37781.46877011881
3368 0.0
3369 0.0
3610 113.91944444444445
3624 21486.41783494282
3383 0.0
1823 0.0
3353 0.0
3393 4152.76762820513
3397 0.0
4396 2835.621031746027
3401 534.4963675213675
4060 2291.389935064936
3735 15885.033445027168
4044 894.2182539682534
478 0.0
4781 35139.63952575201
3772 0.0
3419 0.0
37 0.0
2756 0.0
4290 292.6648809523806
3438 32034.509082584074
3744 9585.793818681308
3443 0.0
3445 0.0
3488 432.2531746031753
4137 5068.916611166614
3450 0.0
3895 2770.508591408591
3453 0.0
3455 0.0
3459 5741.388672438687
3878 69800.99480658221
4059 37156.589050532806
4139 7916.000450937962
3469 21205.93789960043
3472 39020.148114793614
3477 0.0
4598 4071.7250721500677
3478 0.0
3484 0.0
3486 1248.7892857142856
4350 36226.11557955938
4792 0.0
3695 5335.723647186157
3925 30652.995403207933
3664 3735.137301587298
4501 2484.062427849928
3504 0.0
3918 28676.295597458116
3509 1298.280591630592
3511 0.0
3514 554.2666666666673
3910 307.88928571428556
4697 30722.686575924145
2228 0.0
4988 71436.91993978251
654 0.0
4935 8587.932475857497
3528 14194.388680763677
3531 28472.320072982584
4075 33646.23619921742
3535 0.0
3541 0.0
4040 0.0
3815 115.38571428571424
4793 42187.55401959147
3547 0.0
953 0.0
4329 7707.450631313154
2653 0.0
3559 1225.275396825397
3562 8028.154008491518
3565 22920.78062631815
4748 3333.44334970585
1205 0.0
3568 0.0
4824 15240.748232323229
1854 0.0
4203 15845.32436729935
3575 0.0
3584 2090.9851190476206
3587 14508.33324314576
3588 0.0
4239 884.5385281385281
67 0.0
3599 19579.664015151506
3598 0.0
4293 19603.6640151515
3167 0.0
3605 0.0
4791 6652.523466810983
3613 5818.3416056166125
3614 0.0
3392 0.0
3626 0.0
3633 0.0
3634 0.0
4694 0.0
4267 75038.57724844618
3645 11881.89630230879
3647 0.0
3751 0.0
3648 0.0
3649 0.0
4875 24448.71003718506
3663 11982.928647741126
3666 0.0
3668 0.0
3670 0.0
3671 0.0
4624 2798.4486874236836
1916 0.0
4827 5139.195544733046
4414 0.0
3687 0.0
3688 18968.49342116219
4112 18992.49342116222
1029 0.0
3691 14162.514801864807
4645 12201.514801864829
3693 0.0
603 0.0
3701 0.0
1414 0.0
4019 13918.658401320914
4201 0.0
3720 0.0
1258 0.0
3723 1869.9222222222236
470 0.0
3728 0.0
3877 19131.57416194917
3732 0.0
3738 0.0
4620 3797.390476190476
4867 8528.405158730164
1340 0.0
4038 9096.990462315474
1059 0.0
3756 0.5
4294 23463.35541958046
3762 10852.420544733048
3767 0.0
3768 0.0
3769 0.0
544 0.0
4332 14927.442198079678
3780 0.0
3781 0.0
3783 0.0
3785 0.0
3787 0.0
3791 16165.880398767897
3792 359.13769841269834
3796 12697.169318181828
3804 5177.175686813183
3805 0.0
3920 818.7976190476195
4531 2470.2388347763344
3810 0.0
3813 0.0
4651 12700.310983460979
3837 35444.838526750886
3817 0.0
2572 0.0
4462 0.0
3830 0.0
3833 0.0
3838 5846.448953823959
3840 0.0
3845 0.0
3846 42094.36144064269
3859 14914.093632756141
3860 0.0
4337 255.61607142857127
3865 51218.86897546864
4296 2402.2244047619038
3872 7007.989156676688
3875 8124.530068542584
4469 102841.14946026221
1952 0.0
3881 24890.318352480885
4777 17822.529842379856
4876 33299.85212773342
3884 0.0
3911 5435.1762973138
3904 0.0
1904 0.0
3909 0.0
3912 0.0
3974 0.0
3916 0.0
4429 11354.907774170266
3922 8640.564502164498
4735 5327.327849927848
3931 31646.173783161245
3932 0.0
589 0.0
3943 0.0
3946 0.0
992 0.0
4104 279.501984126984
4053 17065.837065018313
4289 2408.190384615385
3961 0.0
3965 0.0
3970 17405.43616661117
3975 10248.398923298913
1385 0.0
3981 0.0
3998 0.0
4003 0.0
4004 13891.93122918749
4005 48298.29187201677
3184 0.0
4009 0.0
4011 0.0
2366 0.0
4012 0.0
4022 0.0
4825 4454.785224497729
1389 0.0
4032 29849.77428196804
4441 18755.330091436357
4033 0.0
4043 0.0
4566 21290.960540848046
4894 333.92341269841285
4055 0.0
4066 15021.17927350428
4623 0.0
4070 0.0
1444 0.0
4080 9608.827657065178
4090 0.0
4888 807.8962662337663
3733 0.0
4098 0.0
4367 10874.207960095444
4122 20799.930420967918
4105 0.0
4181 2010.5
4106 0.0
4314 463.535317460318
4109 0.0
2232 0.0
4111 29078.61960539461
431 0.0
4953 7905.713271858879
4117 0.0
869 0.0
4121 4180.195386557882
4761 10489.040458152964
4136 0.0
4138 0.0
4142 0.0
4148 0.0
4161 0.0
4763 0.0
4606 12609.851964701957
1383 0.0
4169 0.0
4170 7127.312436174942
4172 24387.954154179148
4173 0.0
4175 0.0
1191 0.0
4182 24966.14155150405
4186 290.82698412698414
4188 0.0
4557 1063.7926587301586
4192 0.0
4195 7183.674401986901
4878 2152.5785714285726
4334 19542.481388056352
4207 0.0
4210 1986.5
296 0.0
4416 964.0503968253969
4215 0.0
4217 0.0
4232 0.0
2060 0.0
3170 0.0
4758 0.0
4790 1096.9716630591618
4430 52.39166666666666
4269 0.0
4271 0.0
4273 9829.427301864818
3446 0.0
4277 0.0
4279 0.0
4131 0.0
2031 0.0
4284 0.0
1116 0.0
4297 0.0
4303 0.0
4306 0.0
4358 0.0
4675 6320.888528138533
4313 511.17361111111114
4317 0.0
4318 0.0
4331 0.0
2309 0.0
4339 0.0
4177 0.0
4354 0.0
4366 0.0
4751 2772.154983904984
3165 0.0
4380 0.0
1689 0.0
3675 0.0
4399 0.0
2221 0.0
4419 0.0
1887 0.0
4434 7828.903719891243
1859 0.0
4444 0.0
4445 0.0
4455 0.0
4456 0.0
4471 0.0
2434 0.0
4933 0.0
4483 0.0
4494 0.0
4729 6353.513131313154
2081 0.0
4514 0.0
4515 794.1702380952381
4871 11273.592135642142
4525 0.0
3435 0.0
4572 1647.2495934620933
4545 3776.2214438339406
4547 0.0
4551 0.0
4554 0.0
4705 263.63591269841265
4563 0.0
4564 0.0
4498 0.0
4569 0.0
246 0.0
592 0.0
4582 0.0
4584 0.0
4589 0.0
4596 0.0
2103 0.0
4616 0.0
4622 0.0
4772 0.0
4626 0.0
4629 9357.848255910762
4638 0.0
4667 0.0
4678 0.0
1287 0.0
4692 0.0
3207 0.0
4695 0.0
4852 8901.285225885229
3202 0.0
4491 0.0
4713 0.0
4920 0.0
4881 14442.518547547226
4741 0.0
4742 0.0
4870 86.62204184704184
4756 1514.9297619047618
4762 0.0
3594 0.0
4770 0.0
3631 0.0
4236 0.0
4800 0.0
4816 0.0
4817 0.0
4818 0.0
32 0.0
4828 0.0
4895 12832.737157287165
4845 0.0
4846 0.0
4865 0.0
4877 0.0
4879 0.0
4886 0.0
4887 0.0
4904 0.0
4910 0.0
3934 0.0
4919 0.0
4923 0.0
4938 0.0
4979 25209.327819402806
4943 0.0
4949 0.0
853 0.0
4958 0.0
3524 0.0
3731 0.0
4975 0.0
4981 0.0
4982 0.0
4983 0.0
4984 0.0
4989 0.0
4998 0.0
19 0.0
61 0.0
70 0.0
151 0.0
206 0.0
338 0.0
339 0.0
388 0.0
404 0.0
405 0.0
425 0.0
513 0.0
593 0.0
619 0.0
689 0.0
723 0.0
727 0.0
735 0.0
918 0.0
959 0.0
1023 0.0
1027 0.0
1156 0.0
1298 0.0
1324 0.0
1408 0.0
1517 0.0
1567 0.0
1615 0.0
1764 0.0
1778 0.0
1802 0.0
1861 0.0
1889 0.0
1910 0.0
1947 0.0
1965 0.0
1979 0.0
1994 0.0
2056 0.0
2098 0.0
2109 0.0
2148 0.0
2424 0.0
2433 0.0
2439 0.0
2449 0.0
2695 0.0
2737 0.0
2775 0.0
2780 0.0
2838 0.0
2843 0.0
2854 0.0
2860 0.0
2874 0.0
2895 0.0
2919 0.0
2974 0.0
3119 0.0
3370 0.0
3413 0.0
3451 0.0
3476 0.0
3506 0.0
3656 0.0
3697 0.0
3832 0.0
3894 0.0
3979 0.0
3990 0.0
4001 0.0
4063 0.0
4149 0.0
4162 0.0
4178 0.0
4193 0.0
4194 0.0
4219 0.0
4220 0.0
4246 0.0
4325 0.0
4397 0.0
4411 0.0
4447 0.0
4458 0.0
4480 0.0
4497 0.0
4743 0.0
4782 0.0
4806 0.0
4832 0.0
4849 0.0
4872 0.0
4903 0.0
4921 0.0
4940 0.0
4978 0.0
